* Measurement data measured by REW V5.31.3
* Source: Headset (USB-C to 3.5mm Headphone Jack Adapter), MICROPHONE (Master Volume), R, volume: 0.250. Timing signal peak level -32.7 dBFS, measurement signal peak level -26.7 dBFS
* Format: 256k Log Swept Sine, 1 sweep at -12.0 dBFS using an acoustic timing reference
* Dated: Dec 6, 2025 4:36:52 AM
* REW Settings:
*  C-weighting compensation: Off
*  Target level: 75.0 dB
* Note: stock tips; Delay -0.0830 ms (-28 mm, -1.12 in) using estimated IR delay relative to Acoustic reference played from  R with no timing offset Clock adjustment: 1.7 ppm
* Measurement: 7hz x Crinacle Zero:2 R
* Smoothing: 1/24 octave
* Frequency Step: 96 ppo
* Start Frequency: 0.36621094 Hz
*
* Freq(Hz) SPL(dB) Phase(degrees)
0.366211 38.744 163.6918
0.368865 38.742 163.6709
0.371538 38.740 163.6403
0.374230 38.738 163.6049
0.376942 38.735 163.5671
0.379673 38.732 163.5277
0.382424 38.730 163.4868
0.385196 38.727 163.4447
0.387987 38.724 163.4012
0.390798 38.721 163.3564
0.393630 38.718 163.3102
0.396483 38.716 163.2628
0.399356 38.713 163.2139
0.402250 38.710 163.1637
0.405165 38.707 163.1120
0.408101 38.704 163.0590
0.411058 38.701 163.0045
0.414037 38.698 162.9486
0.417037 38.695 162.8913
0.420059 38.692 162.8325
0.423103 38.689 162.7722
0.426169 38.686 162.7104
0.429257 38.683 162.6472
0.432368 38.680 162.5824
0.435501 38.677 162.5161
0.438656 38.674 162.4483
0.441835 38.671 162.3790
0.445037 38.667 162.3080
0.448262 38.664 162.2355
0.451510 38.661 162.1615
0.454782 38.658 162.0858
0.458077 38.655 162.0085
0.461397 38.651 161.9296
0.464740 38.648 161.8492
0.468108 38.645 161.7670
0.471500 38.641 161.6833
0.474917 38.638 161.5979
0.478358 38.634 161.5108
0.481825 38.631 161.4221
0.485316 38.628 161.3318
0.488833 38.624 161.2398
0.492375 38.621 161.1461
0.495943 38.617 161.0507
0.499537 38.613 160.9537
0.503157 38.610 160.8549
0.506803 38.606 160.7546
0.510475 38.603 160.6525
0.514175 38.599 160.5487
0.517900 38.595 160.4433
0.521653 38.591 160.3362
0.525434 38.588 160.2274
0.529241 38.584 160.1170
0.533076 38.580 160.0049
0.536939 38.576 159.8912
0.540830 38.572 159.7758
0.544749 38.569 159.6588
0.548696 38.565 159.5402
0.552673 38.561 159.4200
0.556677 38.557 159.2982
0.560711 38.553 159.1749
0.564774 38.549 159.0500
0.568867 38.545 158.9235
0.572989 38.541 158.7956
0.577141 38.536 158.6662
0.581324 38.532 158.5353
0.585536 38.528 158.4030
0.589779 38.524 158.2693
0.594053 38.520 158.1343
0.598358 38.515 157.9979
0.602694 38.511 157.8603
0.607061 38.507 157.7214
0.611460 38.502 157.5813
0.615891 38.498 157.4401
0.620354 38.494 157.2977
0.624849 38.489 157.1544
0.629377 38.485 157.0100
0.633938 38.480 156.8647
0.638532 38.476 156.7185
0.643159 38.471 156.5715
0.647819 38.466 156.4238
0.652514 38.462 156.2755
0.657242 38.457 156.1265
0.662005 38.452 155.9771
0.666802 38.448 155.8272
0.671634 38.443 155.6770
0.676501 38.438 155.5266
0.681403 38.433 155.3760
0.686341 38.428 155.2254
0.691314 38.423 155.0748
0.696324 38.418 154.9245
0.701370 38.413 154.7744
0.706452 38.408 154.6247
0.711571 38.403 154.4756
0.716728 38.398 154.3271
0.721921 38.393 154.1794
0.727153 38.389 154.0325
0.732422 38.386 153.8862
0.737729 38.385 153.7404
0.743075 38.386 153.5946
0.748460 38.387 153.4487
0.753883 38.388 153.3025
0.759346 38.389 153.1560
0.764849 38.391 153.0091
0.770391 38.392 152.8619
0.775974 38.394 152.7142
0.781597 38.395 152.5661
0.787261 38.397 152.4175
0.792966 38.399 152.2684
0.798712 38.401 152.1188
0.804500 38.403 151.9686
0.810329 38.405 151.8178
0.816201 38.408 151.6663
0.822116 38.410 151.5143
0.828073 38.413 151.3615
0.834074 38.416 151.2080
0.840118 38.419 151.0537
0.846206 38.422 150.8987
0.852338 38.426 150.7429
0.858514 38.430 150.5862
0.864735 38.434 150.4286
0.871001 38.439 150.2702
0.877313 38.444 150.1108
0.883670 38.449 149.9504
0.890074 38.455 149.7891
0.896524 38.461 149.6268
0.903020 38.467 149.4634
0.909564 38.474 149.2989
0.916155 38.482 149.1333
0.922794 38.490 148.9667
0.929481 38.498 148.7989
0.936216 38.507 148.6299
0.943000 38.517 148.4597
0.949834 38.527 148.2884
0.956717 38.538 148.1158
0.963649 38.550 147.9420
0.970632 38.562 147.7669
0.977666 38.576 147.5906
0.984750 38.589 147.4131
0.991886 38.604 147.2343
0.999074 38.620 147.0542
1.006314 38.636 146.8728
1.013606 38.654 146.6902
1.020951 38.672 146.5063
1.028349 38.692 146.3212
1.035801 38.713 146.1348
1.043307 38.734 145.9472
1.050867 38.757 145.7585
1.058482 38.781 145.5685
1.066152 38.807 145.3774
1.073878 38.834 145.1853
1.081660 38.862 144.9923
1.089498 38.891 144.7989
1.097393 38.922 144.6060
1.105345 38.955 144.4157
1.113355 38.989 144.2299
1.121423 39.024 144.0495
1.129549 39.060 143.8749
1.137734 39.098 143.7058
1.145979 39.138 143.5419
1.154283 39.179 143.3826
1.162647 39.221 143.2278
1.171072 39.265 143.0768
1.179558 39.310 142.9291
1.188106 39.356 142.7844
1.196715 39.404 142.6422
1.205387 39.454 142.5018
1.214122 39.504 142.3629
1.222920 39.557 142.2249
1.231782 39.610 142.0872
1.240708 39.666 141.9494
1.249699 39.722 141.8108
1.258754 39.781 141.6709
1.267876 39.840 141.5291
1.277063 39.901 141.3848
1.286318 39.964 141.2376
1.295639 40.028 141.0867
1.305027 40.094 140.9316
1.314484 40.161 140.7717
1.324009 40.229 140.6064
1.333604 40.299 140.4350
1.343268 40.371 140.2571
1.353002 40.444 140.0720
1.362806 40.518 139.8790
1.372681 40.594 139.6777
1.382628 40.671 139.4674
1.392647 40.750 139.2476
1.402739 40.830 139.0177
1.412904 40.912 138.7771
1.423142 40.995 138.5254
1.433455 41.079 138.2622
1.443843 41.165 137.9873
1.454305 41.252 137.7016
1.464844 41.341 137.4074
1.475459 41.432 137.1096
1.486150 41.526 136.8127
1.496920 41.621 136.5189
1.507767 41.720 136.2285
1.518693 41.821 135.9411
1.529698 41.924 135.6559
1.540783 42.030 135.3721
1.551948 42.138 135.0889
1.563194 42.248 134.8054
1.574521 42.361 134.5206
1.585931 42.476 134.2339
1.597423 42.593 133.9442
1.608999 42.712 133.6508
1.620658 42.834 133.3528
1.632402 42.957 133.0493
1.644232 43.082 132.7396
1.656146 43.209 132.4228
1.668147 43.337 132.0981
1.680235 43.467 131.7649
1.692411 43.599 131.4222
1.704675 43.732 131.0693
1.717028 43.866 130.7056
1.729470 44.002 130.3303
1.742003 44.139 129.9427
1.754626 44.276 129.5422
1.767341 44.414 129.1281
1.780147 44.553 128.6999
1.793047 44.693 128.2572
1.806040 44.833 127.7999
1.819128 44.973 127.3288
1.832310 45.114 126.8468
1.845587 45.257 126.3591
1.858961 45.401 125.8704
1.872432 45.546 125.3827
1.886001 45.694 124.8964
1.899667 45.844 124.4113
1.913433 45.995 123.9268
1.927299 46.148 123.4421
1.941265 46.302 122.9565
1.955332 46.458 122.4692
1.969501 46.616 121.9796
1.983773 46.775 121.4868
1.998148 46.936 120.9900
2.012627 47.097 120.4886
2.027212 47.260 119.9817
2.041902 47.424 119.4687
2.056698 47.589 118.9487
2.071602 47.754 118.4211
2.086614 47.920 117.8850
2.101734 48.087 117.3398
2.116964 48.255 116.7848
2.132304 48.422 116.2192
2.147756 48.590 115.6425
2.163320 48.758 115.0542
2.178996 48.926 114.4546
2.194786 49.094 113.8452
2.210690 49.262 113.2293
2.226710 49.431 112.6111
2.242845 49.601 111.9928
2.259098 49.771 111.3752
2.275468 49.942 110.7582
2.291957 50.114 110.1415
2.308566 50.287 109.5248
2.325295 50.460 108.9075
2.342145 50.634 108.2891
2.359117 50.808 107.6691
2.376212 50.983 107.0470
2.393431 51.159 106.4221
2.410775 51.334 105.7938
2.428244 51.510 105.1616
2.445840 51.687 104.5248
2.463564 51.863 103.8828
2.481416 52.040 103.2349
2.499397 52.216 102.5805
2.517509 52.393 101.9190
2.535752 52.569 101.2502
2.554127 52.746 100.5743
2.572635 52.922 99.8928
2.591277 53.098 99.2084
2.610055 53.274 98.5228
2.628968 53.451 97.8371
2.648019 53.627 97.1514
2.667208 53.803 96.4659
2.686535 53.980 95.7804
2.706003 54.156 95.0949
2.725612 54.332 94.4090
2.745363 54.509 93.7225
2.765257 54.685 93.0351
2.785295 54.861 92.3465
2.805478 55.037 91.6563
2.825808 55.213 90.9641
2.846285 55.389 90.2694
2.866910 55.564 89.5718
2.887685 55.740 88.8709
2.908611 55.915 88.1665
2.929688 56.091 87.4588
2.950917 56.266 86.7487
2.972301 56.440 86.0374
2.993839 56.614 85.3257
3.015534 56.788 84.6140
3.037386 56.961 83.9026
3.059396 57.134 83.1915
3.081565 57.307 82.4807
3.103896 57.479 81.7704
3.126388 57.651 81.0603
3.149043 57.823 80.3505
3.171862 57.994 79.6407
3.194847 58.166 78.9308
3.217998 58.337 78.2205
3.241317 58.507 77.5095
3.264805 58.678 76.7978
3.288463 58.848 76.0851
3.312293 59.018 75.3715
3.336295 59.188 74.6576
3.360471 59.357 73.9436
3.384822 59.525 73.2299
3.409350 59.693 72.5168
3.434056 59.860 71.8045
3.458940 60.027 71.0930
3.484005 60.194 70.3825
3.509252 60.360 69.6730
3.534681 60.526 68.9645
3.560295 60.691 68.2570
3.586094 60.856 67.5503
3.612081 61.021 66.8443
3.638255 61.186 66.1390
3.664620 61.351 65.4343
3.691175 61.515 64.7301
3.717923 61.679 64.0266
3.744864 61.842 63.3239
3.772001 62.004 62.6222
3.799335 62.167 61.9216
3.826866 62.328 61.2222
3.854597 62.489 60.5240
3.882529 62.650 59.8270
3.910664 62.811 59.1312
3.939002 62.971 58.4366
3.967546 63.131 57.7431
3.996296 63.291 57.0506
4.025255 63.451 56.3592
4.054423 63.611 55.6688
4.083804 63.770 54.9795
4.113396 63.929 54.2914
4.143204 64.087 53.6046
4.173227 64.245 52.9190
4.203468 64.402 52.2345
4.233928 64.559 51.5512
4.264609 64.716 50.8689
4.295512 64.872 50.1874
4.326639 65.029 49.5068
4.357992 65.185 48.8268
4.389572 65.341 48.1474
4.421380 65.497 47.4687
4.453419 65.653 46.7910
4.485691 65.808 46.1143
4.518196 65.963 45.4386
4.550936 66.117 44.7638
4.583914 66.271 44.0898
4.617131 66.425 43.4164
4.650589 66.578 42.7435
4.684289 66.732 42.0709
4.718233 66.885 41.3984
4.752424 67.038 40.7260
4.786862 67.191 40.0536
4.821549 67.343 39.3816
4.856488 67.495 38.7100
4.891680 67.647 38.0388
4.927127 67.799 37.3681
4.962831 67.950 36.6977
4.998794 68.100 36.0275
5.035017 68.251 35.3573
5.071503 68.401 34.6870
5.108253 68.551 34.0163
5.145270 68.701 33.3453
5.182555 68.850 32.6739
5.220110 68.999 32.0024
5.257937 69.147 31.3309
5.296038 69.295 30.6593
5.334415 69.443 29.9878
5.373071 69.591 29.3163
5.412006 69.738 28.6448
5.451224 69.884 27.9731
5.490725 70.031 27.3011
5.530514 70.176 26.6286
5.570590 70.322 25.9557
5.610957 70.467 25.2825
5.651616 70.611 24.6090
5.692570 70.755 23.9355
5.733821 70.899 23.2621
5.775370 71.042 22.5888
5.817221 71.185 21.9158
5.859375 71.328 21.2427
5.901834 71.470 20.5694
5.944602 71.611 19.8959
5.987679 71.752 19.2220
6.031068 71.893 18.5481
6.074771 72.032 17.8743
6.118792 72.172 17.2009
6.163131 72.311 16.5278
6.207792 72.450 15.8551
6.252776 72.588 15.1826
6.298086 72.726 14.5100
6.343725 72.863 13.8374
6.389694 73.000 13.1648
6.435996 73.136 12.4924
6.482634 73.272 11.8203
6.529610 73.408 11.1487
6.576926 73.543 10.4774
6.624585 73.678 9.8065
6.672590 73.812 9.1355
6.720942 73.946 8.4646
6.769645 74.079 7.7937
6.818700 74.212 7.1230
6.868111 74.344 6.4525
6.917881 74.476 5.7822
6.968010 74.608 5.1121
7.018504 74.739 4.4419
7.069362 74.870 3.7716
7.120590 75.000 3.1011
7.172189 75.130 2.4305
7.224161 75.260 1.7599
7.276511 75.389 1.0893
7.329239 75.517 0.4186
7.382350 75.646 -0.2525
7.435845 75.773 -0.9240
7.489729 75.901 -1.5959
7.544002 76.027 -2.2680
7.598669 76.154 -2.9404
7.653732 76.280 -3.6129
7.709194 76.405 -4.2858
7.765058 76.530 -4.9592
7.821327 76.654 -5.6332
7.878004 76.778 -6.3077
7.935091 76.902 -6.9825
7.992592 77.025 -7.6574
8.050510 77.147 -8.3325
8.108847 77.269 -9.0080
8.167607 77.391 -9.6841
8.226793 77.511 -10.3607
8.286408 77.632 -11.0375
8.346454 77.751 -11.7145
8.406936 77.871 -12.3914
8.467856 77.989 -13.0685
8.529218 78.107 -13.7459
8.591024 78.225 -14.4238
8.653278 78.342 -15.1019
8.715983 78.458 -15.7799
8.779143 78.574 -16.4579
8.842760 78.690 -17.1359
8.906839 78.805 -17.8143
8.971381 78.919 -18.4929
9.036392 79.033 -19.1717
9.101873 79.146 -19.8505
9.167829 79.259 -20.5293
9.234263 79.371 -21.2084
9.301178 79.483 -21.8879
9.368578 79.594 -22.5676
9.436467 79.705 -23.2476
9.504847 79.815 -23.9277
9.573723 79.924 -24.6082
9.643099 80.033 -25.2891
9.712976 80.142 -25.9705
9.783361 80.250 -26.6523
9.854255 80.357 -27.3342
9.925663 80.464 -28.0164
9.997588 80.570 -28.6991
10.070035 80.675 -29.3824
10.143007 80.780 -30.0658
10.216507 80.884 -30.7493
10.290540 80.988 -31.4329
10.365109 81.091 -32.1167
10.440219 81.193 -32.8008
10.515873 81.295 -33.4848
10.592076 81.396 -34.1684
10.668830 81.497 -34.8517
10.746141 81.597 -35.5349
10.824012 81.696 -36.2178
10.902447 81.795 -36.9003
10.981451 81.893 -37.5820
11.061027 81.990 -38.2632
11.141180 82.087 -38.9438
11.221913 82.184 -39.6240
11.303232 82.280 -40.3036
11.385140 82.375 -40.9826
11.467641 82.470 -41.6611
11.550741 82.565 -42.3394
11.634442 82.659 -43.0174
11.718750 82.753 -43.6954
11.803669 82.846 -44.3733
11.889203 82.939 -45.0516
11.975357 83.031 -45.7302
12.062136 83.123 -46.4094
12.149543 83.215 -47.0893
12.237583 83.306 -47.7702
12.326262 83.397 -48.4521
12.415583 83.487 -49.1351
12.505552 83.577 -49.8192
12.596172 83.666 -50.5048
12.687449 83.754 -51.1915
12.779387 83.842 -51.8793
12.871992 83.929 -52.5682
12.965268 84.016 -53.2581
13.059220 84.102 -53.9489
13.153852 84.187 -54.6401
13.249170 84.271 -55.3315
13.345179 84.355 -56.0233
13.441884 84.437 -56.7149
13.539289 84.520 -57.4061
13.637401 84.601 -58.0966
13.736223 84.682 -58.7866
13.835761 84.762 -59.4757
13.936021 84.841 -60.1639
14.037007 84.920 -60.8511
14.138725 84.998 -61.5374
14.241180 85.076 -62.2230
14.344377 85.153 -62.9079
14.448323 85.230 -63.5923
14.553021 85.306 -64.2765
14.658478 85.382 -64.9605
14.764700 85.457 -65.6447
14.871691 85.532 -66.3291
14.979457 85.606 -67.0138
15.088005 85.680 -67.6990
15.197339 85.753 -68.3846
15.307465 85.825 -69.0705
15.418389 85.897 -69.7564
15.530117 85.967 -70.4422
15.642655 86.037 -71.1276
15.756008 86.107 -71.8121
15.870182 86.175 -72.4953
15.985184 86.243 -73.1770
16.101019 86.310 -73.8569
16.217694 86.376 -74.5345
16.335214 86.442 -75.2099
16.453586 86.508 -75.8832
16.572815 86.573 -76.5543
16.692909 86.637 -77.2236
16.813872 86.702 -77.8916
16.935713 86.766 -78.5587
17.058436 86.830 -79.2256
17.182048 86.893 -79.8930
17.306556 86.957 -80.5616
17.431967 87.020 -81.2318
17.558286 87.082 -81.9040
17.685521 87.144 -82.5787
17.813677 87.205 -83.2557
17.942762 87.266 -83.9350
18.072783 87.325 -84.6161
18.203746 87.383 -85.2985
18.335658 87.440 -85.9811
18.468526 87.496 -86.6633
18.602356 87.551 -87.3439
18.737156 87.604 -88.0218
18.872934 87.656 -88.6963
19.009695 87.708 -89.3667
19.147447 87.758 -90.0324
19.286197 87.808 -90.6932
19.425953 87.857 -91.3493
19.566721 87.906 -92.0009
19.708510 87.955 -92.6487
19.851326 88.003 -93.2937
19.995177 88.052 -93.9365
20.140070 88.100 -94.5783
20.286013 88.148 -95.2201
20.433014 88.196 -95.8624
20.581080 88.243 -96.5058
20.730219 88.290 -97.1507
20.880439 88.337 -97.7970
21.031747 88.382 -98.4445
21.184152 88.427 -99.0927
21.337661 88.471 -99.7409
21.492282 88.514 -100.3885
21.648024 88.556 -101.0347
21.804895 88.597 -101.6790
21.962902 88.638 -102.3209
22.122054 88.678 -102.9602
22.282360 88.717 -103.5968
22.443827 88.756 -104.2310
22.606464 88.794 -104.8633
22.770280 88.832 -105.4940
22.935283 88.870 -106.1239
23.101481 88.907 -106.7535
23.268884 88.944 -107.3834
23.437500 88.981 -108.0138
23.607338 89.016 -108.6451
23.778406 89.052 -109.2771
23.950714 89.086 -109.9097
24.124271 89.120 -110.5422
24.299086 89.152 -111.1743
24.475167 89.184 -111.8051
24.652524 89.215 -112.4340
24.831166 89.245 -113.0603
25.011103 89.274 -113.6834
25.192344 89.303 -114.3031
25.374898 89.331 -114.9192
25.558775 89.358 -115.5316
25.743984 89.385 -116.1407
25.930536 89.412 -116.7469
26.118439 89.438 -117.3507
26.307704 89.464 -117.9525
26.498341 89.490 -118.5530
26.690359 89.516 -119.1524
26.883768 89.541 -119.7510
27.078579 89.565 -120.3488
27.274801 89.589 -120.9457
27.472446 89.613 -121.5412
27.671522 89.635 -122.1352
27.872042 89.657 -122.7272
28.074014 89.679 -123.3170
28.277450 89.700 -123.9046
28.482360 89.720 -124.4900
28.688755 89.740 -125.0734
28.896645 89.760 -125.6552
29.106042 89.779 -126.2356
29.316957 89.797 -126.8149
29.529400 89.815 -127.3932
29.743382 89.832 -127.9703
29.958915 89.849 -128.5459
30.176009 89.864 -129.1195
30.394677 89.879 -129.6906
30.614929 89.893 -130.2587
30.836778 89.907 -130.8236
31.060234 89.920 -131.3853
31.285309 89.932 -131.9440
31.512015 89.944 -132.5002
31.740364 89.956 -133.0543
31.970368 89.967 -133.6066
32.202039 89.977 -134.1573
32.435388 89.987 -134.7060
32.670428 89.997 -135.2522
32.907171 90.005 -135.7952
33.145630 90.014 -136.3346
33.385817 90.021 -136.8700
33.627745 90.029 -137.4019
33.871425 90.037 -137.9312
34.116871 90.044 -138.4592
34.364096 90.052 -138.9871
34.613113 90.059 -139.5161
34.863934 90.066 -140.0465
35.116572 90.072 -140.5778
35.371041 90.077 -141.1086
35.627354 90.081 -141.6370
35.885525 90.084 -142.1613
36.145566 90.086 -142.6800
36.407492 90.088 -143.1930
36.671316 90.089 -143.7006
36.937051 90.091 -144.2043
37.204712 90.092 -144.7053
37.474313 90.093 -145.2047
37.745867 90.094 -145.7028
38.019389 90.094 -146.1989
38.294893 90.093 -146.6923
38.572394 90.093 -147.1827
38.851905 90.091 -147.6704
39.133442 90.090 -148.1569
39.417019 90.089 -148.6440
39.702651 90.087 -149.1330
39.990353 90.084 -149.6234
40.280140 90.079 -150.1127
40.572026 90.074 -150.5968
40.866028 90.066 -151.0715
41.162160 90.059 -151.5346
41.460438 90.052 -151.9869
41.760877 90.046 -152.4325
42.063494 90.041 -152.8773
42.368303 90.037 -153.3268
42.675322 90.033 -153.7829
42.984565 90.029 -154.2439
43.296048 90.022 -154.7054
43.609789 90.015 -155.1632
43.925804 90.008 -155.6156
44.244108 90.000 -156.0646
44.564719 89.993 -156.5150
44.887654 89.985 -156.9704
45.212928 89.975 -157.4305
45.540560 89.963 -157.8902
45.870565 89.948 -158.3408
46.202962 89.932 -158.7742
46.537768 89.914 -159.1863
46.875000 89.899 -159.5803
47.214676 89.885 -159.9650
47.556813 89.874 -160.3519
47.901429 89.864 -160.7505
48.248542 89.855 -161.1646
48.598171 89.844 -161.5918
48.950334 89.830 -162.0246
49.305048 89.815 -162.4548
49.662333 89.798 -162.8768
50.022206 89.781 -163.2902
50.384688 89.765 -163.6999
50.749796 89.748 -164.1113
51.117550 89.731 -164.5257
51.487969 89.713 -164.9373
51.861072 89.692 -165.3356
52.236879 89.671 -165.7118
52.615409 89.651 -166.0656
52.996681 89.635 -166.4065
53.380717 89.621 -166.7487
53.767536 89.609 -167.1023
54.157158 89.597 -167.4692
54.549603 89.583 -167.8442
54.944892 89.567 -168.2199
55.343045 89.548 -168.5902
55.744084 89.527 -168.9501
56.148028 89.504 -169.2964
56.554900 89.481 -169.6305
56.964720 89.458 -169.9620
57.377510 89.434 -170.3038
57.793291 89.408 -170.6582
58.212085 89.376 -171.0059
58.633914 89.339 -171.3126
59.058799 89.303 -171.5556
59.486764 89.276 -171.7518
59.917829 89.263 -171.9584
60.352019 89.260 -172.2372
60.789354 89.257 -172.6103
61.229859 89.246 -173.0472
61.673556 89.224 -173.4915
62.120468 89.196 -173.9021
62.570618 89.167 -174.2731
63.024031 89.140 -174.6210
63.480729 89.115 -174.9596
63.940736 89.090 -175.2898
64.404077 89.065 -175.6080
64.870776 89.040 -175.9162
65.340856 89.016 -176.2202
65.814343 88.992 -176.5214
66.291261 88.966 -176.8157
66.771635 88.939 -177.1009
67.255489 88.913 -177.3814
67.742850 88.887 -177.6638
68.233743 88.860 -177.9491
68.728193 88.832 -178.2312
69.226226 88.803 -178.5047
69.727867 88.775 -178.7696
70.233144 88.749 -179.0307
70.742083 88.724 -179.2913
71.254709 88.701 -179.5528
71.771050 88.678 -179.8172
72.291132 88.656 179.9140
72.814984 88.632 179.6478
73.342631 88.607 179.4004
73.874102 88.583 179.1796
74.409424 88.563 178.9651
74.948626 88.545 178.7194
75.491734 88.524 178.4272
76.038779 88.493 178.1212
76.589787 88.453 177.8532
77.144788 88.412 177.6411
77.703811 88.375 177.4560
78.266885 88.341 177.2623
78.834039 88.306 177.0530
79.405303 88.271 176.8422
79.980706 88.237 176.6384
80.560280 88.203 176.4389
81.144053 88.172 176.2383
81.732056 88.142 176.0319
82.324320 88.113 175.8144
82.920876 88.082 175.5885
83.521755 88.048 175.3688
84.126988 88.013 175.1693
84.736607 87.979 174.9873
85.350643 87.947 174.8093
85.969129 87.915 174.6286
86.592097 87.883 174.4489
87.219579 87.852 174.2694
87.851608 87.823 174.0795
88.488217 87.794 173.8726
89.129439 87.763 173.6597
89.775308 87.729 173.4606
90.425856 87.696 173.2835
91.081119 87.664 173.1210
91.741131 87.633 172.9637
92.405925 87.602 172.8065
93.075536 87.570 172.6461
93.750000 87.537 172.4840
94.429351 87.500 172.3288
95.113625 87.463 172.1885
95.802858 87.426 172.0611
96.497085 87.391 171.9379
97.196342 87.359 171.8114
97.900667 87.328 171.6755
98.610096 87.298 171.5250
99.324665 87.268 171.3628
100.044413 87.235 171.2026
100.769376 87.202 171.0566
101.499592 87.169 170.9209
102.235100 87.135 170.7818
102.975938 87.100 170.6379
103.722144 87.062 170.5023
104.473757 87.023 170.3833
105.230817 86.984 170.2806
105.993363 86.946 170.1954
106.761435 86.911 170.1215
107.535072 86.878 170.0411
108.314315 86.847 169.9476
109.099206 86.814 169.8527
109.889783 86.781 169.7661
110.686090 86.749 169.6848
111.488167 86.717 169.5966
112.296056 86.686 169.4903
113.109800 86.652 169.3689
113.929440 86.616 169.2473
114.755020 86.578 169.1404
115.586582 86.541 169.0577
116.424170 86.506 168.9927
117.267827 86.474 168.9288
118.117598 86.442 168.8605
118.973527 86.410 168.7885
119.835658 86.377 168.7087
120.704037 86.342 168.6245
121.578708 86.304 168.5491
122.459718 86.266 168.4850
123.347111 86.230 168.4245
124.240935 86.196 168.3640
125.141236 86.163 168.3039
126.048061 86.131 168.2455
126.961458 86.100 168.1908
127.881473 86.069 168.1384
128.808154 86.036 168.0893
129.741551 86.002 168.0511
130.681712 85.966 168.0300
131.628686 85.931 168.0226
132.582521 85.897 168.0212
133.543269 85.864 168.0111
134.510979 85.832 167.9714
135.485701 85.795 167.9086
136.467486 85.755 167.8533
137.456386 85.714 167.8173
138.452451 85.675 167.7949
139.455735 85.639 167.7803
140.466288 85.605 167.7705
141.484165 85.572 167.7631
142.509418 85.537 167.7587
143.542100 85.501 167.7614
144.582265 85.462 167.7711
145.629968 85.423 167.7753
146.685262 85.388 167.7518
147.748204 85.357 167.6781
148.818849 85.328 167.5424
149.897251 85.296 167.3608
150.983469 85.254 167.2092
152.077557 85.203 167.2232
153.179574 85.158 167.4247
154.289576 85.123 167.6777
155.407622 85.090 167.8903
156.533770 85.053 168.0607
157.668078 85.016 168.1990
158.810606 84.983 168.2642
159.961413 84.951 168.2315
161.120559 84.916 168.1518
162.288105 84.878 168.0859
163.464112 84.837 168.0739
164.648640 84.797 168.1243
165.841752 84.761 168.2097
167.043510 84.727 168.2853
168.253976 84.689 168.3465
169.473213 84.645 168.4310
170.701286 84.594 168.5555
171.938258 84.540 168.7095
173.184194 84.482 168.8839
174.439158 84.427 169.0582
175.703216 84.378 169.2148
176.976434 84.337 169.3518
178.258878 84.302 169.4983
179.550615 84.269 169.6943
180.851713 84.237 169.9318
182.162239 84.202 170.1693
183.482262 84.165 170.3783
184.811850 84.130 170.5775
186.151073 84.105 170.8002
187.500000 84.093 171.0903
188.858702 84.092 171.4774
190.227250 84.095 171.8995
191.605715 84.097 172.2720
192.994169 84.101 172.5231
194.392685 84.123 172.5934
195.801334 84.173 172.5325
197.220191 84.255 172.4950
198.649330 84.360 172.6167
200.088825 84.466 172.8426
201.538751 84.528 172.9377
202.999184 84.506 172.8796
204.470200 84.418 172.8716
205.951875 84.317 172.8885
207.444287 84.243 172.8784
208.947514 84.210 172.8835
210.461634 84.205 172.9178
211.986726 84.201 172.9565
213.522869 84.176 172.9792
215.070144 84.132 172.9662
216.628631 84.083 172.9110
218.198411 84.042 172.8287
219.779567 84.014 172.7471
221.372180 83.993 172.7233
222.976334 83.974 172.7655
224.592112 83.953 172.8314
226.219600 83.929 172.8892
227.858880 83.901 172.9492
229.510039 83.873 173.0170
231.173164 83.845 173.0919
232.848340 83.816 173.1895
234.535655 83.789 173.3103
236.235197 83.763 173.4403
237.947054 83.738 173.5575
239.671317 83.714 173.6553
241.408074 83.690 173.7455
243.157416 83.668 173.8356
244.919435 83.645 173.9370
246.694223 83.620 174.0626
248.481871 83.592 174.2051
250.282473 83.564 174.3326
252.096123 83.536 174.4332
253.922915 83.509 174.5285
255.762945 83.485 174.6342
257.616309 83.463 174.7472
259.483103 83.440 174.8702
261.363424 83.418 175.0097
263.257372 83.395 175.1616
265.165043 83.374 175.3200
267.086538 83.354 175.4756
269.021957 83.334 175.6205
270.971401 83.313 175.7549
272.934972 83.292 175.8882
274.912771 83.270 176.0321
276.904902 83.248 176.1886
278.911469 83.227 176.3452
280.932577 83.209 176.4899
282.968330 83.194 176.6196
285.018835 83.179 176.7575
287.084199 83.160 176.9293
289.164530 83.138 177.1170
291.259935 83.115 177.2960
293.370525 83.093 177.4749
295.496408 83.074 177.6798
297.637697 83.055 177.9100
299.794503 83.036 178.1217
301.966937 83.015 178.2789
304.155114 82.994 178.4031
306.359147 82.974 178.5305
308.579152 82.956 178.6806
310.815244 82.940 178.8479
313.067539 82.925 179.0191
315.336156 82.910 179.1912
317.621211 82.895 179.3694
319.922826 82.877 179.5590
322.241118 82.858 179.7533
324.576210 82.840 179.9434
326.928223 82.823 -179.8701
329.297280 82.806 -179.6856
331.683504 82.790 -179.5004
334.087019 82.774 -179.3092
336.507952 82.758 -179.1096
338.946427 82.741 -178.9037
341.402572 82.725 -178.6978
343.876516 82.709 -178.4978
346.368387 82.694 -178.3011
348.878315 82.679 -178.1048
351.406431 82.666 -177.9082
353.952867 82.653 -177.7100
356.517756 82.641 -177.5104
359.101230 82.628 -177.3102
361.703426 82.613 -177.1077
364.324478 82.597 -176.9008
366.964523 82.580 -176.6896
369.623699 82.565 -176.4687
372.302145 82.552 -176.2294
375.000000 82.542 -175.9813
377.717405 82.533 -175.7405
380.454501 82.522 -175.5137
383.211431 82.512 -175.2917
385.988339 82.501 -175.0643
388.785369 82.492 -174.8295
391.602668 82.483 -174.5884
394.440383 82.475 -174.3459
397.298660 82.468 -174.1077
400.177650 82.461 -173.8753
403.077502 82.455 -173.6505
405.998368 82.449 -173.4369
408.940400 82.444 -173.2336
411.903750 82.438 -173.0415
414.888575 82.432 -172.8655
417.895028 82.426 -172.6953
420.923268 82.418 -172.4996
423.973452 82.411 -172.2673
427.045738 82.403 -172.0229
430.140287 82.394 -171.7849
433.257261 82.385 -171.5573
436.396822 82.377 -171.3365
439.559133 82.369 -171.1156
442.744360 82.361 -170.8904
445.952668 82.353 -170.6638
449.184225 82.345 -170.4389
452.439199 82.337 -170.2137
455.717760 82.329 -169.9844
459.020079 82.321 -169.7472
462.346327 82.313 -169.5035
465.696680 82.305 -169.2580
469.071310 82.297 -169.0142
472.470394 82.290 -168.7724
475.894109 82.283 -168.5339
479.342634 82.277 -168.2957
482.816148 82.271 -168.0523
486.314833 82.264 -167.8039
489.838871 82.257 -167.5512
493.388445 82.251 -167.2946
496.963741 82.244 -167.0384
500.564945 82.238 -166.7843
504.192245 82.232 -166.5300
507.845830 82.227 -166.2738
511.525890 82.222 -166.0164
515.232618 82.218 -165.7581
518.966206 82.215 -165.4980
522.726849 82.211 -165.2375
526.514743 82.208 -164.9788
530.330086 82.203 -164.7221
534.173076 82.199 -164.4658
538.043915 82.194 -164.2045
541.942803 82.190 -163.9297
545.869944 82.186 -163.6453
549.825542 82.183 -163.3637
553.809805 82.180 -163.0876
557.822939 82.178 -162.8124
561.865154 82.176 -162.5348
565.936660 82.174 -162.2558
570.037671 82.172 -161.9754
574.168399 82.171 -161.6920
578.329060 82.168 -161.4072
582.519870 82.166 -161.1225
586.741049 82.165 -160.8380
590.992817 82.164 -160.5535
595.275394 82.163 -160.2676
599.589005 82.163 -159.9785
603.933874 82.162 -159.6853
608.310228 82.162 -159.3897
612.718295 82.161 -159.0937
617.158304 82.161 -158.7986
621.630488 82.161 -158.5034
626.135079 82.162 -158.2065
630.672311 82.163 -157.9083
635.242423 82.164 -157.6077
639.845651 82.166 -157.3035
644.482237 82.169 -156.9947
649.152421 82.172 -156.6797
653.856447 82.175 -156.3577
658.594560 82.178 -156.0349
663.367008 82.180 -155.7225
668.174039 82.182 -155.4160
673.015903 82.184 -155.1048
677.892854 82.187 -154.7889
682.805145 82.190 -154.4710
687.753032 82.195 -154.1516
692.736774 82.199 -153.8292
697.756631 82.204 -153.5028
702.812863 82.208 -153.1740
707.905735 82.213 -152.8457
713.035511 82.218 -152.5177
718.202461 82.224 -152.1875
723.406852 82.230 -151.8547
728.648956 82.237 -151.5206
733.929047 82.243 -151.1850
739.247399 82.250 -150.8455
744.604290 82.257 -150.5016
750.000000 82.265 -150.1543
755.434809 82.273 -149.8070
760.909001 82.281 -149.4617
766.422861 82.289 -149.1162
771.976677 82.296 -148.7682
777.570739 82.304 -148.4189
783.205337 82.314 -148.0706
788.880766 82.326 -147.7226
794.597321 82.339 -147.3739
800.355301 82.351 -147.0236
806.155005 82.364 -146.6709
811.996736 82.376 -146.3162
817.880799 82.389 -145.9590
823.807501 82.402 -145.5993
829.777150 82.416 -145.2387
835.790057 82.430 -144.8792
841.846536 82.445 -144.5208
847.946903 82.459 -144.1619
854.091476 82.475 -143.8025
860.280575 82.491 -143.4437
866.514523 82.506 -143.0857
872.793644 82.523 -142.7287
879.118267 82.539 -142.3728
885.488720 82.556 -142.0187
891.905336 82.574 -141.6645
898.368450 82.592 -141.3066
904.878398 82.608 -140.9410
911.435520 82.624 -140.5700
918.040157 82.641 -140.1991
924.692655 82.659 -139.8313
931.393359 82.677 -139.4672
938.142619 82.696 -139.1033
944.940787 82.715 -138.7366
951.788218 82.735 -138.3672
958.685268 82.755 -137.9975
965.632296 82.774 -137.6281
972.629666 82.794 -137.2571
979.677741 82.814 -136.8827
986.776890 82.835 -136.5062
993.927482 82.856 -136.1302
1001.129891 82.877 -135.7551
1008.384491 82.899 -135.3794
1015.691660 82.922 -135.0014
1023.051781 82.945 -134.6191
1030.465236 82.969 -134.2327
1037.932411 82.993 -133.8461
1045.453698 83.018 -133.4614
1053.029486 83.043 -133.0783
1060.660172 83.068 -132.6954
1068.346153 83.094 -132.3106
1076.087829 83.120 -131.9237
1083.885605 83.146 -131.5354
1091.739887 83.172 -131.1464
1099.651084 83.199 -130.7570
1107.619609 83.226 -130.3669
1115.645878 83.254 -129.9746
1123.730308 83.282 -129.5795
1131.873321 83.310 -129.1836
1140.075341 83.339 -128.7902
1148.336797 83.369 -128.4010
1156.658119 83.401 -128.0132
1165.039741 83.433 -127.6244
1173.482099 83.465 -127.2347
1181.985634 83.496 -126.8425
1190.550789 83.529 -126.4468
1199.178011 83.561 -126.0486
1207.867749 83.595 -125.6506
1216.620457 83.628 -125.2546
1225.436590 83.662 -124.8605
1234.316609 83.697 -124.4656
1243.260976 83.731 -124.0688
1252.270157 83.766 -123.6720
1261.344623 83.802 -123.2777
1270.484846 83.839 -122.8862
1279.691303 83.876 -122.4947
1288.964474 83.914 -122.1021
1298.304842 83.952 -121.7099
1307.712894 83.991 -121.3182
1317.189120 84.030 -120.9257
1326.734016 84.069 -120.5315
1336.348077 84.109 -120.1363
1346.031806 84.149 -119.7413
1355.785708 84.190 -119.3468
1365.610290 84.232 -118.9523
1375.506065 84.274 -118.5586
1385.473549 84.317 -118.1694
1395.513261 84.361 -117.7843
1405.625726 84.405 -117.4002
1415.811469 84.449 -117.0152
1426.071023 84.493 -116.6299
1436.404921 84.538 -116.2461
1446.813703 84.584 -115.8627
1457.297912 84.630 -115.4791
1467.858093 84.677 -115.0963
1478.494798 84.725 -114.7152
1489.208581 84.773 -114.3350
1500.000000 84.821 -113.9570
1510.869618 84.870 -113.5830
1521.818002 84.919 -113.2113
1532.845723 84.969 -112.8401
1543.953355 85.020 -112.4707
1555.141477 85.071 -112.1047
1566.410674 85.123 -111.7413
1577.761531 85.175 -111.3795
1589.194642 85.227 -111.0191
1600.710601 85.281 -110.6621
1612.310010 85.334 -110.3090
1623.993473 85.388 -109.9577
1635.761599 85.442 -109.6074
1647.615002 85.497 -109.2589
1659.554299 85.552 -108.9132
1671.580114 85.609 -108.5712
1683.693072 85.666 -108.2334
1695.893807 85.723 -107.9003
1708.182952 85.781 -107.5706
1720.561150 85.839 -107.2427
1733.029045 85.898 -106.9172
1745.587288 85.956 -106.5965
1758.236533 86.015 -106.2809
1770.977440 86.074 -105.9694
1783.810673 86.134 -105.6616
1796.736900 86.194 -105.3585
1809.756796 86.255 -105.0618
1822.871040 86.317 -104.7705
1836.080315 86.379 -104.4835
1849.385310 86.441 -104.2017
1862.786718 86.503 -103.9252
1876.285239 86.565 -103.6524
1889.881575 86.628 -103.3844
1903.576436 86.691 -103.1228
1917.370535 86.754 -102.8673
1931.264593 86.817 -102.6174
1945.259332 86.881 -102.3735
1959.355483 86.945 -102.1363
1973.553781 87.009 -101.9058
1987.854965 87.073 -101.6821
2002.259781 87.137 -101.4659
2016.768981 87.201 -101.2568
2031.383320 87.265 -101.0532
2046.103561 87.328 -100.8555
2060.930471 87.392 -100.6657
2075.864823 87.456 -100.4848
2090.907395 87.520 -100.3118
2106.058972 87.583 -100.1439
2121.320344 87.646 -99.9805
2136.692305 87.709 -99.8236
2152.175658 87.771 -99.6748
2167.771210 87.833 -99.5350
2183.479774 87.895 -99.4029
2199.302169 87.957 -99.2772
2215.239219 88.018 -99.1584
2231.291755 88.078 -99.0474
2247.460615 88.138 -98.9443
2263.746641 88.198 -98.8490
2280.150683 88.257 -98.7627
2296.673595 88.316 -98.6866
2313.316238 88.374 -98.6214
2330.079481 88.431 -98.5673
2346.964198 88.487 -98.5234
2363.971268 88.542 -98.4885
2381.101578 88.595 -98.4620
2398.356022 88.647 -98.4431
2415.735498 88.697 -98.4319
2433.240913 88.745 -98.4286
2450.873180 88.792 -98.4324
2468.633217 88.838 -98.4417
2486.521951 88.882 -98.4566
2504.540314 88.925 -98.4777
2522.689246 88.965 -98.5042
2540.969692 89.005 -98.5347
2559.382606 89.042 -98.5691
2577.928947 89.078 -98.6088
2596.609683 89.112 -98.6554
2615.425787 89.143 -98.7073
2634.378241 89.173 -98.7619
2653.468031 89.200 -98.8183
2672.696154 89.225 -98.8767
2692.063613 89.248 -98.9373
2711.571415 89.269 -98.9998
2731.220579 89.288 -99.0631
2751.012130 89.304 -99.1258
2770.947098 89.318 -99.1878
2791.026522 89.330 -99.2486
2811.251451 89.340 -99.3076
2831.622938 89.348 -99.3651
2852.142045 89.353 -99.4201
2872.809842 89.355 -99.4710
2893.627406 89.355 -99.5171
2914.595823 89.353 -99.5582
2935.716186 89.349 -99.5941
2956.989596 89.342 -99.6247
2978.417161 89.333 -99.6498
3000.000000 89.322 -99.6681
3021.739237 89.309 -99.6781
3043.636005 89.293 -99.6790
3065.691446 89.275 -99.6702
3087.906710 89.254 -99.6510
3110.282955 89.232 -99.6201
3132.821347 89.207 -99.5755
3155.523062 89.180 -99.5150
3178.389283 89.152 -99.4366
3201.421202 89.122 -99.3389
3224.620020 89.090 -99.2214
3247.986946 89.058 -99.0838
3271.523198 89.025 -98.9244
3295.230004 88.994 -98.7426
3319.108599 88.964 -98.5409
3343.160228 88.936 -98.3242
3367.386145 88.910 -98.0999
3391.787613 88.888 -97.8778
3416.365904 88.867 -97.6667
3441.122300 88.848 -97.4722
3466.058091 88.829 -97.2967
3491.174576 88.809 -97.1400
3516.473066 88.786 -96.9993
3541.954880 88.761 -96.8696
3567.621345 88.732 -96.7445
3593.473800 88.701 -96.6180
3619.513592 88.666 -96.4868
3645.742080 88.627 -96.3497
3672.160630 88.586 -96.2059
3698.770620 88.543 -96.0535
3725.573436 88.497 -95.8918
3752.570477 88.450 -95.7217
3779.763150 88.401 -95.5435
3807.152872 88.350 -95.3573
3834.741071 88.298 -95.1649
3862.529185 88.243 -94.9682
3890.518664 88.187 -94.7679
3918.710966 88.129 -94.5643
3947.107561 88.069 -94.3585
3975.709929 88.006 -94.1513
4004.519563 87.940 -93.9432
4033.537962 87.870 -93.7332
4062.766641 87.795 -93.5182
4092.207123 87.715 -93.2937
4121.860942 87.630 -93.0535
4151.729646 87.538 -92.7898
4181.814790 87.441 -92.4928
4212.117944 87.339 -92.1520
4242.640687 87.234 -91.7601
4273.384610 87.127 -91.3135
4304.351317 87.019 -90.8129
4335.542421 86.914 -90.2634
4366.959549 86.812 -89.6759
4398.604338 86.714 -89.0624
4430.478438 86.620 -88.4335
4462.583511 86.528 -87.7969
4494.921231 86.439 -87.1571
4527.493283 86.350 -86.5168
4560.301365 86.261 -85.8768
4593.347189 86.171 -85.2360
4626.632476 86.080 -84.5924
4660.158962 85.988 -83.9435
4693.928395 85.892 -83.2864
4727.942535 85.795 -82.6178
4762.203156 85.695 -81.9319
4796.712043 85.593 -81.2242
4831.470996 85.488 -80.4929
4866.481826 85.382 -79.7373
4901.746360 85.275 -78.9566
4937.266434 85.166 -78.1488
4973.043902 85.057 -77.3124
5009.080628 84.947 -76.4478
5045.378492 84.837 -75.5572
5081.939384 84.728 -74.6426
5118.765212 84.619 -73.7055
5155.857894 84.510 -72.7459
5193.219366 84.401 -71.7628
5230.851574 84.293 -70.7572
5268.756481 84.185 -69.7310
5306.936062 84.077 -68.6860
5345.392309 83.968 -67.6215
5384.127225 83.859 -66.5360
5423.142830 83.750 -65.4274
5462.441159 83.640 -64.2927
5502.024259 83.529 -63.1305
5541.894195 83.418 -61.9397
5582.053045 83.305 -60.7152
5622.502902 83.193 -59.4502
5663.245876 83.080 -58.1400
5704.284090 82.968 -56.7815
5745.619684 82.859 -55.3712
5787.254813 82.753 -53.9092
5829.191647 82.652 -52.3982
5871.432373 82.557 -50.8437
5913.979192 82.469 -49.2540
5956.834323 82.389 -47.6370
6000.000000 82.316 -46.0016
6043.478473 82.250 -44.3553
6087.272010 82.191 -42.7030
6131.382892 82.138 -41.0475
6175.813420 82.091 -39.3903
6220.565910 82.050 -37.7324
6265.642695 82.014 -36.0735
6311.046124 81.983 -34.4137
6356.778566 81.959 -32.7544
6402.842404 81.940 -31.0976
6449.240040 81.927 -29.4465
6495.973891 81.919 -27.8040
6543.046396 81.917 -26.1721
6590.460007 81.920 -24.5508
6638.217197 81.927 -22.9404
6686.320456 81.939 -21.3407
6734.772290 81.956 -19.7497
6783.575226 81.979 -18.1664
6832.731809 82.009 -16.5923
6882.244600 82.046 -15.0317
6932.116181 82.091 -13.4888
6982.349153 82.144 -11.9683
7032.946133 82.206 -10.4775
7083.909760 82.277 -9.0255
7135.242690 82.357 -7.6209
7186.947600 82.446 -6.2718
7239.027185 82.543 -4.9862
7291.484160 82.649 -3.7735
7344.321260 82.762 -2.6462
7397.541239 82.882 -1.6172
7451.146872 83.007 -0.6951
7505.140954 83.136 0.1140
7559.526299 83.267 0.8034
7614.305743 83.397 1.3673
7669.482141 83.526 1.8018
7725.058371 83.651 2.1032
7781.037328 83.769 2.2685
7837.421932 83.878 2.2952
7894.215122 83.975 2.1824
7951.419859 84.058 1.9341
8009.039125 84.123 1.5588
8067.075924 84.167 1.0696
8125.533282 84.187 0.4854
8184.414245 84.180 -0.1709
8243.721885 84.144 -0.8748
8303.459292 84.079 -1.6003
8363.629581 83.983 -2.3195
8424.235888 83.858 -3.0033
8485.281374 83.704 -3.6220
8546.769221 83.525 -4.1499
8608.702634 83.323 -4.5663
8671.084842 83.100 -4.8558
8733.919097 82.861 -5.0078
8797.208675 82.607 -5.0139
8860.956876 82.343 -4.8680
8925.167022 82.072 -4.5681
8989.842461 81.796 -4.1154
9054.986566 81.519 -3.5146
9120.602731 81.242 -2.7737
9186.694378 80.969 -1.9012
9253.264952 80.700 -0.9045
9320.317925 80.438 0.2066
9387.856790 80.182 1.4232
9455.885071 79.934 2.7365
9524.406312 79.694 4.1376
9593.424086 79.462 5.6193
9662.941992 79.238 7.1778
9732.963653 79.022 8.8108
9803.492719 78.814 10.5200
9874.532869 78.612 12.3133
9946.087805 78.418 14.2030
10018.161257 78.231 16.2037
10090.756983 78.055 18.3376
10163.878768 77.894 20.6322
10237.530423 77.754 23.1085
10311.715789 77.648 25.7708
10386.438732 77.587 28.5972
10461.703149 77.585 31.5243
10537.512962 77.652 34.4467
10613.872125 77.791 37.2284
10690.784618 77.997 39.7243
10768.254450 78.258 41.8127
10846.285661 78.557 43.4168
10924.882318 78.874 44.5040
11004.048518 79.192 45.0756
11083.788390 79.497 45.1571
11164.106090 79.777 44.7909
11245.005805 80.020 44.0286
11326.491752 80.220 42.9272
11408.568180 80.373 41.5448
11491.239368 80.474 39.9333
11574.509626 80.522 38.1421
11658.383294 80.514 36.2252
11742.864745 80.451 34.2417
11827.958384 80.333 32.2508
11913.668646 80.166 30.3048
12000.000000 79.954 28.4440
12086.956947 79.707 26.6918
12174.544019 79.431 25.0570
12262.765784 79.134 23.5275
12351.626840 78.821 22.0689
12441.131819 78.491 20.6462
12531.285389 78.141 19.2413
12622.092249 77.769 17.8597
12713.557132 77.373 16.5231
12805.684808 76.953 15.2543
12898.480079 76.513 14.0734
12991.947783 76.056 13.0017
13086.092792 75.585 12.0544
13180.920015 75.107 11.2312
13276.434395 74.627 10.5202
13372.640911 74.150 9.9065
13469.544580 73.683 9.3699
13567.150452 73.228 8.8868
13665.463617 72.786 8.4324
13764.489200 72.360 7.9801
13864.232362 71.953 7.5000
13964.698305 71.566 6.9652
14065.892266 71.199 6.3538
14167.819519 70.853 5.6407
14270.485380 70.526 4.8091
14373.895200 70.217 3.8565
14478.054370 69.924 2.7822
14582.968320 69.649 1.5888
14688.642520 69.393 0.2852
14795.082478 69.157 -1.1179
14902.293745 68.945 -2.6276
15010.281908 68.761 -4.2797
15119.052599 68.611 -6.1117
15228.611486 68.498 -8.1568
15338.964283 68.417 -10.4522
15450.116741 68.361 -13.0325
15562.074656 68.323 -15.9140
15674.843864 68.294 -19.0867
15788.430244 68.268 -22.5221
15902.839718 68.242 -26.2001
16018.078250 68.219 -30.1064
16134.151848 68.203 -34.2387
16251.066563 68.196 -38.6160
16368.828491 68.203 -43.2733
16487.443769 68.227 -48.2659
16606.918584 68.274 -53.6998
16727.259161 68.344 -59.7459
16848.471777 68.419 -66.6330
16970.562748 68.433 -74.5717
17093.538442 68.250 -83.4594
17217.405268 67.688 -92.3086
17342.169684 66.704 -99.0290
17467.838194 65.636 -102.4267
17594.417350 64.982 -104.5581
17721.913751 64.829 -108.0757
17850.334044 64.907 -113.6651
17979.684923 64.997 -120.9090
18109.973131 65.012 -129.3492
18241.205462 64.926 -138.7195
18373.388756 64.737 -148.8521
18506.529905 64.453 -159.5910
18640.635849 64.097 -170.8625
18775.713581 63.698 177.2705
18911.770141 63.272 164.6388
19048.812624 62.810 151.0817
19186.848172 62.288 136.4860
19325.883983 61.675 120.7912
19465.927305 60.943 103.9830
19606.985439 60.081 86.1162
19749.065738 59.133 67.5591
19892.175609 58.255 50.1193
20036.322514 57.724 39.1050
