* Measurement data measured by REW V5.31.3
* Source: Headset (USB-C to 3.5mm Headphone Jack Adapter), MICROPHONE (Master Volume), R, volume: 0.250. Timing signal peak level -32.4 dBFS, measurement signal peak level -27.0 dBFS
* Format: 256k Log Swept Sine, 1 sweep at -12.0 dBFS using an acoustic timing reference
* Dated: Dec 6, 2025 4:36:25 AM
* REW Settings:
*  C-weighting compensation: Off
*  Target level: 75.0 dB
* Note: stock tips; Delay -0.0790 ms (-27 mm, -1.07 in) using estimated IR delay relative to Acoustic reference played from  L with no timing offset
* Measurement: 7hz x Crinacle Zero:2 L
* Smoothing: 1/24 octave
* Frequency Step: 96 ppo
* Start Frequency: 0.36621094 Hz
*
* Freq(Hz) SPL(dB) Phase(degrees)
0.366211 39.782 162.0530
0.368865 39.780 162.0297
0.371538 39.777 161.9956
0.374230 39.774 161.9562
0.376942 39.771 161.9140
0.379673 39.768 161.8700
0.382424 39.765 161.8244
0.385196 39.761 161.7774
0.387987 39.758 161.7288
0.390798 39.755 161.6788
0.393630 39.751 161.6273
0.396483 39.748 161.5742
0.399356 39.745 161.5196
0.402250 39.741 161.4634
0.405165 39.738 161.4057
0.408101 39.734 161.3464
0.411058 39.731 161.2854
0.414037 39.727 161.2229
0.417037 39.724 161.1587
0.420059 39.720 161.0929
0.423103 39.716 161.0254
0.426169 39.713 160.9563
0.429257 39.709 160.8854
0.432368 39.705 160.8129
0.435501 39.702 160.7386
0.438656 39.698 160.6626
0.441835 39.694 160.5849
0.445037 39.690 160.5053
0.448262 39.686 160.4241
0.451510 39.683 160.3410
0.454782 39.679 160.2561
0.458077 39.675 160.1695
0.461397 39.671 160.0810
0.464740 39.667 159.9907
0.468108 39.663 159.8985
0.471500 39.659 159.8045
0.474917 39.655 159.7086
0.478358 39.651 159.6109
0.481825 39.646 159.5113
0.485316 39.642 159.4099
0.488833 39.638 159.3065
0.492375 39.634 159.2012
0.495943 39.630 159.0941
0.499537 39.625 158.9851
0.503157 39.621 158.8741
0.506803 39.617 158.7613
0.510475 39.612 158.6466
0.514175 39.608 158.5299
0.517900 39.604 158.4114
0.521653 39.599 158.2910
0.525434 39.595 158.1687
0.529241 39.590 158.0445
0.533076 39.586 157.9184
0.536939 39.581 157.7905
0.540830 39.576 157.6607
0.544749 39.572 157.5291
0.548696 39.567 157.3956
0.552673 39.562 157.2603
0.556677 39.557 157.1232
0.560711 39.553 156.9844
0.564774 39.548 156.8438
0.568867 39.543 156.7015
0.572989 39.538 156.5574
0.577141 39.533 156.4117
0.581324 39.528 156.2644
0.585536 39.523 156.1154
0.589779 39.518 155.9648
0.594053 39.513 155.8127
0.598358 39.508 155.6592
0.602694 39.503 155.5041
0.607061 39.498 155.3477
0.611460 39.492 155.1899
0.615891 39.487 155.0308
0.620354 39.482 154.8705
0.624849 39.476 154.7089
0.629377 39.471 154.5463
0.633938 39.466 154.3826
0.638532 39.460 154.2179
0.643159 39.455 154.0524
0.647819 39.449 153.8860
0.652514 39.443 153.7188
0.657242 39.438 153.5510
0.662005 39.432 153.3826
0.666802 39.426 153.2138
0.671634 39.421 153.0446
0.676501 39.415 152.8752
0.681403 39.409 152.7056
0.686341 39.403 152.5359
0.691314 39.397 152.3664
0.696324 39.391 152.1971
0.701370 39.385 152.0281
0.706452 39.379 151.8596
0.711571 39.373 151.6917
0.716728 39.367 151.5246
0.721921 39.361 151.3584
0.727153 39.356 151.1930
0.732422 39.352 151.0285
0.737729 39.350 150.8643
0.743075 39.349 150.7001
0.748460 39.349 150.5355
0.753883 39.349 150.3705
0.759346 39.349 150.2050
0.764849 39.349 150.0389
0.770391 39.349 149.8723
0.775974 39.349 149.7050
0.781597 39.349 149.5371
0.787261 39.349 149.3685
0.792966 39.350 149.1992
0.798712 39.350 149.0292
0.804500 39.351 148.8584
0.810329 39.351 148.6868
0.816201 39.352 148.5145
0.822116 39.353 148.3412
0.828073 39.354 148.1671
0.834074 39.355 147.9922
0.840118 39.357 147.8163
0.846206 39.358 147.6394
0.852338 39.360 147.4616
0.858514 39.362 147.2827
0.864735 39.365 147.1029
0.871001 39.367 146.9220
0.877313 39.371 146.7401
0.883670 39.374 146.5570
0.890074 39.378 146.3728
0.896524 39.382 146.1876
0.903020 39.387 146.0012
0.909564 39.392 145.8136
0.916155 39.397 145.6249
0.922794 39.403 145.4350
0.929481 39.410 145.2440
0.936216 39.417 145.0517
0.943000 39.425 144.8582
0.949834 39.433 144.6636
0.956717 39.442 144.4677
0.963649 39.452 144.2707
0.970632 39.462 144.0725
0.977666 39.474 143.8731
0.984750 39.486 143.6726
0.991886 39.499 143.4709
0.999074 39.512 143.2682
1.006314 39.527 143.0643
1.013606 39.543 142.8594
1.020951 39.560 142.6534
1.028349 39.578 142.4465
1.035801 39.597 142.2386
1.043307 39.617 142.0298
1.050867 39.638 141.8202
1.058482 39.661 141.6098
1.066152 39.685 141.3987
1.073878 39.710 141.1870
1.081660 39.737 140.9749
1.089498 39.765 140.7629
1.097393 39.795 140.5522
1.105345 39.826 140.3446
1.113355 39.859 140.1423
1.121423 39.893 139.9463
1.129549 39.928 139.7568
1.137734 39.965 139.5735
1.145979 40.004 139.3962
1.154283 40.044 139.2244
1.162647 40.085 139.0576
1.171072 40.128 138.8953
1.179558 40.172 138.7370
1.188106 40.217 138.5823
1.196715 40.265 138.4306
1.205387 40.313 138.2813
1.214122 40.363 138.1339
1.222920 40.415 137.9879
1.231782 40.468 137.8427
1.240708 40.523 137.6977
1.249699 40.579 137.5523
1.258754 40.637 137.4058
1.267876 40.696 137.2578
1.277063 40.756 137.1075
1.286318 40.819 136.9544
1.295639 40.882 136.7978
1.305027 40.948 136.6370
1.314484 41.015 136.4715
1.324009 41.083 136.3006
1.333604 41.153 136.1236
1.343268 41.224 135.9399
1.353002 41.297 135.7489
1.362806 41.372 135.5499
1.372681 41.448 135.3423
1.382628 41.525 135.1255
1.392647 41.604 134.8988
1.402739 41.685 134.6617
1.412904 41.767 134.4135
1.423142 41.850 134.1538
1.433455 41.935 133.8821
1.443843 42.021 133.5984
1.454305 42.109 133.3034
1.464844 42.199 132.9998
1.475459 42.291 132.6927
1.486150 42.385 132.3870
1.496920 42.482 132.0850
1.507767 42.582 131.7871
1.518693 42.684 131.4927
1.529698 42.789 131.2012
1.540783 42.897 130.9115
1.551948 43.007 130.6229
1.563194 43.119 130.3343
1.574521 43.234 130.0448
1.585931 43.351 129.7535
1.597423 43.471 129.4595
1.608999 43.592 129.1618
1.620658 43.716 128.8595
1.632402 43.842 128.5519
1.644232 43.969 128.2378
1.656146 44.099 127.9166
1.668147 44.230 127.5873
1.680235 44.363 127.2492
1.692411 44.497 126.9013
1.704675 44.633 126.5429
1.717028 44.770 126.1732
1.729470 44.909 125.7915
1.742003 45.048 125.3969
1.754626 45.188 124.9889
1.767341 45.330 124.5667
1.780147 45.471 124.1298
1.793047 45.614 123.6776
1.806040 45.756 123.2102
1.819128 45.899 122.7284
1.832310 46.043 122.2352
1.845587 46.188 121.7361
1.858961 46.335 121.2360
1.872432 46.483 120.7373
1.886001 46.633 120.2402
1.899667 46.785 119.7446
1.913433 46.939 119.2497
1.927299 47.095 118.7549
1.941265 47.253 118.2593
1.955332 47.412 117.7622
1.969501 47.572 117.2627
1.983773 47.734 116.7602
1.998148 47.897 116.2536
2.012627 48.062 115.7424
2.027212 48.228 115.2256
2.041902 48.394 114.7024
2.056698 48.562 114.1722
2.071602 48.730 113.6340
2.086614 48.899 113.0870
2.101734 49.069 112.5306
2.116964 49.239 111.9640
2.132304 49.409 111.3864
2.147756 49.579 110.7971
2.163320 49.750 110.1957
2.178996 49.920 109.5824
2.194786 50.090 108.9587
2.210690 50.261 108.3281
2.226710 50.432 107.6949
2.242845 50.603 107.0613
2.259098 50.776 106.4281
2.275468 50.949 105.7955
2.291957 51.122 105.1632
2.308566 51.297 104.5307
2.325295 51.472 103.8976
2.342145 51.647 103.2635
2.359117 51.823 102.6278
2.376212 52.000 101.9899
2.393431 52.176 101.3492
2.410775 52.353 100.7053
2.428244 52.531 100.0573
2.445840 52.708 99.4048
2.463564 52.886 98.7469
2.481416 53.063 98.0831
2.499397 53.241 97.4126
2.517509 53.418 96.7350
2.535752 53.596 96.0497
2.554127 53.773 95.3571
2.572635 53.950 94.6586
2.591277 54.127 93.9565
2.610055 54.304 93.2528
2.628968 54.480 92.5485
2.648019 54.657 91.8439
2.667208 54.833 91.1392
2.686535 55.010 90.4343
2.706003 55.186 89.7293
2.725612 55.362 89.0239
2.745363 55.538 88.3180
2.765257 55.714 87.6114
2.785295 55.890 86.9036
2.805478 56.066 86.1944
2.825808 56.241 85.4833
2.846285 56.417 84.7701
2.866910 56.592 84.0541
2.887685 56.766 83.3351
2.908611 56.941 82.6126
2.929688 57.115 81.8869
2.950917 57.289 81.1585
2.972301 57.463 80.4284
2.993839 57.636 79.6973
3.015534 57.808 78.9659
3.037386 57.980 78.2343
3.059396 58.151 77.5029
3.081565 58.322 76.7718
3.103896 58.493 76.0411
3.126388 58.663 75.3109
3.149043 58.833 74.5811
3.171862 59.003 73.8517
3.194847 59.172 73.1225
3.217998 59.341 72.3934
3.241317 59.509 71.6643
3.264805 59.678 70.9347
3.288463 59.846 70.2046
3.312293 60.013 69.4738
3.336295 60.180 68.7424
3.360471 60.347 68.0106
3.384822 60.512 67.2788
3.409350 60.677 66.5473
3.434056 60.842 65.8166
3.458940 61.006 65.0867
3.484005 61.169 64.3580
3.509252 61.332 63.6306
3.534681 61.495 62.9045
3.560295 61.657 62.1799
3.586094 61.819 61.4567
3.612081 61.981 60.7350
3.638255 62.142 60.0145
3.664620 62.303 59.2951
3.691175 62.464 58.5765
3.717923 62.624 57.8586
3.744864 62.783 57.1413
3.772001 62.942 56.4250
3.799335 63.101 55.7098
3.826866 63.258 54.9959
3.854597 63.416 54.2834
3.882529 63.572 53.5725
3.910664 63.729 52.8633
3.939002 63.885 52.1557
3.967546 64.041 51.4500
3.996296 64.197 50.7459
4.025255 64.353 50.0434
4.054423 64.508 49.3424
4.083804 64.663 48.6427
4.113396 64.818 47.9442
4.143204 64.971 47.2472
4.173227 65.125 46.5514
4.203468 65.278 45.8571
4.233928 65.430 45.1642
4.264609 65.583 44.4726
4.295512 65.735 43.7824
4.326639 65.887 43.0934
4.357992 66.039 42.4056
4.389572 66.190 41.7188
4.421380 66.341 41.0332
4.453419 66.492 40.3487
4.485691 66.643 39.6653
4.518196 66.793 38.9830
4.550936 66.943 38.3019
4.583914 67.093 37.6217
4.617131 67.242 36.9425
4.650589 67.391 36.2640
4.684289 67.539 35.5862
4.718233 67.688 34.9089
4.752424 67.836 34.2320
4.786862 67.984 33.5555
4.821549 68.132 32.8793
4.856488 68.279 32.2037
4.891680 68.426 31.5287
4.927127 68.573 30.8542
4.962831 68.719 30.1803
4.998794 68.865 29.5068
5.035017 69.011 28.8337
5.071503 69.156 28.1608
5.108253 69.301 27.4879
5.145270 69.446 26.8150
5.182555 69.590 26.1419
5.220110 69.734 25.4687
5.257937 69.877 24.7955
5.296038 70.020 24.1225
5.334415 70.163 23.4498
5.373071 70.305 22.7775
5.412006 70.447 22.1057
5.451224 70.589 21.4342
5.490725 70.730 20.7629
5.530514 70.870 20.0915
5.570590 71.010 19.4199
5.610957 71.150 18.7481
5.651616 71.289 18.0764
5.692570 71.428 17.4050
5.733821 71.566 16.7341
5.775370 71.704 16.0641
5.817221 71.841 15.3948
5.859375 71.978 14.7263
5.901834 72.115 14.0581
5.944602 72.250 13.3901
5.987679 72.386 12.7222
6.031068 72.521 12.0547
6.074771 72.655 11.3878
6.118792 72.789 10.7217
6.163131 72.923 10.0567
6.207792 73.056 9.3927
6.252776 73.189 8.7296
6.298086 73.321 8.0671
6.343725 73.453 7.4051
6.389694 73.584 6.7436
6.435996 73.715 6.0826
6.482634 73.845 5.4224
6.529610 73.976 4.7630
6.576926 74.106 4.1045
6.624585 74.235 3.4467
6.672590 74.364 2.7893
6.720942 74.493 2.1324
6.769645 74.621 1.4758
6.818700 74.749 0.8195
6.868111 74.877 0.1635
6.917881 75.004 -0.4923
6.968010 75.131 -1.1480
7.018504 75.257 -1.8037
7.069362 75.384 -2.4595
7.120590 75.510 -3.1154
7.172189 75.635 -3.7715
7.224161 75.760 -4.4279
7.276511 75.885 -5.0846
7.329239 76.009 -5.7419
7.382350 76.133 -6.3998
7.435845 76.256 -7.0585
7.489729 76.379 -7.7178
7.544002 76.502 -8.3778
7.598669 76.624 -9.0382
7.653732 76.746 -9.6992
7.709194 76.867 -10.3609
7.765058 76.987 -11.0236
7.821327 77.107 -11.6873
7.878004 77.227 -12.3517
7.935091 77.346 -13.0166
7.992592 77.464 -13.6817
8.050510 77.582 -14.3469
8.108847 77.699 -15.0126
8.167607 77.815 -15.6790
8.226793 77.931 -16.3460
8.286408 78.046 -17.0130
8.346454 78.161 -17.6797
8.406936 78.275 -18.3459
8.467856 78.388 -19.0118
8.529218 78.501 -19.6776
8.591024 78.613 -20.3434
8.653278 78.724 -21.0088
8.715983 78.835 -21.6734
8.779143 78.946 -22.3370
8.842760 79.055 -22.9998
8.906839 79.165 -23.6621
8.971381 79.273 -24.3239
9.036392 79.381 -24.9851
9.101873 79.489 -25.6454
9.167829 79.596 -26.3049
9.234263 79.703 -26.9638
9.301178 79.809 -27.6222
9.368578 79.915 -28.2802
9.436467 80.020 -28.9380
9.504847 80.125 -29.5954
9.573723 80.230 -30.2528
9.643099 80.334 -30.9101
9.712976 80.438 -31.5677
9.783361 80.541 -32.2254
9.854255 80.644 -32.8836
9.925663 80.747 -33.5422
9.997588 80.849 -34.2016
10.070035 80.951 -34.8616
10.143007 81.052 -35.5224
10.216507 81.153 -36.1838
10.290540 81.253 -36.8461
10.365109 81.352 -37.5093
10.440219 81.451 -38.1735
10.515873 81.550 -38.8385
10.592076 81.648 -39.5040
10.668830 81.745 -40.1701
10.746141 81.842 -40.8370
10.824012 81.938 -41.5046
10.902447 82.034 -42.1726
10.981451 82.129 -42.8406
11.061027 82.223 -43.5088
11.141180 82.317 -44.1773
11.221913 82.410 -44.8460
11.303232 82.502 -45.5144
11.385140 82.594 -46.1826
11.467641 82.685 -46.8506
11.550741 82.776 -47.5185
11.634442 82.866 -48.1861
11.718750 82.956 -48.8533
11.803669 83.045 -49.5201
11.889203 83.133 -50.1868
11.975357 83.221 -50.8532
12.062136 83.309 -51.5194
12.149543 83.396 -52.1854
12.237583 83.482 -52.8513
12.326262 83.568 -53.5173
12.415583 83.654 -54.1833
12.505552 83.739 -54.8495
12.596172 83.824 -55.5159
12.687449 83.908 -56.1826
12.779387 83.992 -56.8498
12.871992 84.075 -57.5174
12.965268 84.158 -58.1856
13.059220 84.240 -58.8546
13.153852 84.322 -59.5243
13.249170 84.403 -60.1948
13.345179 84.484 -60.8663
13.441884 84.564 -61.5387
13.539289 84.644 -62.2121
13.637401 84.723 -62.8865
13.736223 84.801 -63.5620
13.835761 84.879 -64.2384
13.936021 84.955 -64.9156
14.037007 85.032 -65.5935
14.138725 85.107 -66.2720
14.241180 85.182 -66.9507
14.344377 85.255 -67.6292
14.448323 85.328 -68.3075
14.553021 85.400 -68.9851
14.658478 85.472 -69.6614
14.764700 85.542 -70.3362
14.871691 85.612 -71.0094
14.979457 85.681 -71.6805
15.088005 85.749 -72.3492
15.197339 85.817 -73.0156
15.307465 85.885 -73.6798
15.418389 85.952 -74.3421
15.530117 86.019 -75.0025
15.642655 86.085 -75.6619
15.756008 86.152 -76.3210
15.870182 86.218 -76.9805
15.985184 86.285 -77.6410
16.101019 86.351 -78.3038
16.217694 86.417 -78.9696
16.335214 86.482 -79.6390
16.453586 86.547 -80.3124
16.572815 86.611 -80.9902
16.692909 86.674 -81.6724
16.813872 86.736 -82.3582
16.935713 86.796 -83.0469
17.058436 86.855 -83.7376
17.182048 86.912 -84.4284
17.306556 86.967 -85.1174
17.431967 87.021 -85.8032
17.558286 87.073 -86.4835
17.685521 87.123 -87.1564
17.813677 87.172 -87.8207
17.942762 87.221 -88.4751
18.072783 87.268 -89.1189
18.203746 87.316 -89.7523
18.335658 87.364 -90.3761
18.468526 87.412 -90.9915
18.602356 87.461 -91.6005
18.737156 87.511 -92.2060
18.872934 87.563 -92.8102
19.009695 87.615 -93.4162
19.147447 87.669 -94.0267
19.286197 87.723 -94.6438
19.425953 87.777 -95.2691
19.566721 87.832 -95.9038
19.708510 87.885 -96.5475
19.851326 87.938 -97.1995
19.995177 87.988 -97.8587
20.140070 88.038 -98.5224
20.286013 88.085 -99.1884
20.433014 88.130 -99.8542
20.581080 88.174 -100.5170
20.730219 88.216 -101.1751
20.880439 88.257 -101.8269
21.031747 88.297 -102.4716
21.184152 88.336 -103.1093
21.337661 88.375 -103.7407
21.492282 88.414 -104.3670
21.648024 88.453 -104.9898
21.804895 88.493 -105.6108
21.962902 88.532 -106.2315
22.122054 88.571 -106.8534
22.282360 88.610 -107.4769
22.443827 88.648 -108.1022
22.606464 88.685 -108.7290
22.770280 88.721 -109.3562
22.935283 88.757 -109.9828
23.101481 88.791 -110.6076
23.268884 88.824 -111.2295
23.437500 88.856 -111.8480
23.607338 88.888 -112.4625
23.778406 88.920 -113.0736
23.950714 88.951 -113.6816
24.124271 88.981 -114.2875
24.299086 89.012 -114.8923
24.475167 89.042 -115.4967
24.652524 89.072 -116.1014
24.831166 89.101 -116.7066
25.011103 89.129 -117.3121
25.192344 89.157 -117.9173
25.374898 89.183 -118.5214
25.558775 89.209 -119.1236
25.743984 89.234 -119.7231
25.930536 89.258 -120.3195
26.118439 89.281 -120.9128
26.307704 89.304 -121.5031
26.498341 89.327 -122.0910
26.690359 89.349 -122.6773
26.883768 89.371 -123.2626
27.078579 89.393 -123.8475
27.274801 89.414 -124.4321
27.472446 89.435 -125.0164
27.671522 89.454 -125.5999
27.872042 89.473 -126.1819
28.074014 89.491 -126.7617
28.277450 89.509 -127.3386
28.482360 89.525 -127.9123
28.688755 89.542 -128.4827
28.896645 89.558 -129.0502
29.106042 89.574 -129.6154
29.316957 89.589 -130.1788
29.529400 89.604 -130.7409
29.743382 89.619 -131.3021
29.958915 89.633 -131.8622
30.176009 89.646 -132.4210
30.394677 89.659 -132.9779
30.614929 89.671 -133.5323
30.836778 89.683 -134.0838
31.060234 89.694 -134.6323
31.285309 89.705 -135.1783
31.512015 89.716 -135.7222
31.740364 89.726 -136.2645
31.970368 89.736 -136.8059
32.202039 89.745 -137.3462
32.435388 89.753 -137.8851
32.670428 89.761 -138.4218
32.907171 89.767 -138.9554
33.145630 89.773 -139.4852
33.385817 89.779 -140.0109
33.627745 89.784 -140.5328
33.871425 89.789 -141.0517
34.116871 89.794 -141.5686
34.364096 89.799 -142.0844
34.613113 89.802 -142.5994
34.863934 89.806 -143.1134
35.116572 89.808 -143.6255
35.371041 89.810 -144.1345
35.627354 89.811 -144.6394
35.885525 89.811 -145.1395
36.145566 89.811 -145.6351
36.407492 89.811 -146.1269
36.671316 89.811 -146.6160
36.937051 89.811 -147.1037
37.204712 89.810 -147.5908
37.474313 89.810 -148.0778
37.745867 89.808 -148.5649
38.019389 89.807 -149.0518
38.294893 89.804 -149.5381
38.572394 89.801 -150.0229
38.851905 89.796 -150.5051
39.133442 89.791 -150.9833
39.417019 89.785 -151.4559
39.702651 89.779 -151.9224
39.990353 89.773 -152.3834
40.280140 89.767 -152.8409
40.572026 89.762 -153.2982
40.866028 89.757 -153.7588
41.162160 89.751 -154.2244
41.460438 89.744 -154.6943
41.760877 89.736 -155.1648
42.063494 89.726 -155.6304
42.368303 89.715 -156.0856
42.675322 89.703 -156.5278
42.984565 89.691 -156.9584
43.296048 89.681 -157.3823
43.609789 89.672 -157.8059
43.925804 89.664 -158.2336
44.244108 89.655 -158.6659
44.564719 89.645 -159.0988
44.887654 89.633 -159.5263
45.212928 89.621 -159.9444
45.540560 89.609 -160.3527
45.870565 89.598 -160.7551
46.202962 89.587 -161.1568
46.537768 89.576 -161.5615
46.875000 89.565 -161.9688
47.214676 89.552 -162.3751
47.556813 89.538 -162.7774
47.901429 89.523 -163.1759
48.248542 89.509 -163.5741
48.598171 89.494 -163.9755
48.950334 89.478 -164.3804
49.305048 89.459 -164.7848
49.662333 89.439 -165.1830
50.022206 89.418 -165.5728
50.384688 89.398 -165.9573
50.749796 89.378 -166.3430
51.117550 89.357 -166.7334
51.487969 89.335 -167.1243
51.861072 89.311 -167.5047
52.236879 89.286 -167.8641
52.615409 89.263 -168.2005
52.996681 89.243 -168.5233
53.380717 89.229 -168.8490
53.767536 89.217 -169.1916
54.157158 89.206 -169.5553
54.549603 89.192 -169.9331
54.944892 89.176 -170.3109
55.343045 89.157 -170.6748
55.744084 89.137 -171.0181
56.148028 89.118 -171.3441
56.554900 89.099 -171.6630
56.964720 89.079 -171.9820
57.377510 89.057 -172.2942
57.793291 89.031 -172.5786
58.212085 89.004 -172.8164
58.633914 88.983 -173.0146
59.058799 88.973 -173.2166
59.486764 88.971 -173.4821
59.917829 88.968 -173.8446
60.352019 88.954 -174.2825
60.789354 88.924 -174.7303
61.229859 88.883 -175.1245
61.673556 88.840 -175.4450
62.120468 88.802 -175.7201
62.570618 88.771 -175.9927
63.024031 88.741 -176.2828
63.480729 88.712 -176.5816
63.940736 88.681 -176.8732
64.404077 88.653 -177.1562
64.870776 88.627 -177.4411
65.340856 88.601 -177.7340
65.814343 88.574 -178.0275
66.291261 88.546 -178.3097
66.771635 88.519 -178.5775
67.255489 88.493 -178.8402
67.742850 88.468 -179.1092
68.233743 88.442 -179.3871
68.728193 88.415 -179.6656
69.226226 88.387 -179.9354
69.727867 88.360 179.8038
70.233144 88.334 179.5418
70.742083 88.309 179.2701
71.254709 88.282 178.9933
71.771050 88.252 178.7280
72.291132 88.222 178.4896
72.814984 88.193 178.2823
73.342631 88.168 178.0984
73.874102 88.148 177.9205
74.409424 88.132 177.7219
74.948626 88.117 177.4797
75.491734 88.095 177.1967
76.038779 88.062 176.9103
76.589787 88.020 176.6668
77.144788 87.977 176.4798
77.703811 87.937 176.3222
78.266885 87.901 176.1592
78.834039 87.865 175.9783
79.405303 87.829 175.7828
79.980706 87.793 175.5733
80.560280 87.757 175.3493
81.144053 87.718 175.1230
81.732056 87.679 174.9163
82.324320 87.641 174.7374
82.920876 87.609 174.5720
83.521755 87.579 174.3987
84.126988 87.551 174.2094
84.736607 87.521 174.0138
85.350643 87.488 173.8301
85.969129 87.454 173.6680
86.592097 87.422 173.5164
87.219579 87.392 173.3519
87.851608 87.362 173.1672
88.488217 87.328 172.9796
89.129439 87.294 172.8032
89.775308 87.262 172.6300
90.425856 87.231 172.4510
91.081119 87.198 172.2799
91.741131 87.166 172.1316
92.405925 87.136 171.9975
93.075536 87.107 171.8621
93.750000 87.077 171.7267
94.429351 87.046 171.5992
95.113625 87.014 171.4748
95.802858 86.980 171.3431
96.497085 86.945 171.2001
97.196342 86.906 171.0496
97.900667 86.865 170.9012
98.610096 86.823 170.7672
99.324665 86.782 170.6555
100.044413 86.746 170.5630
100.769376 86.714 170.4747
101.499592 86.687 170.3755
102.235100 86.661 170.2672
102.975938 86.633 170.1599
103.722144 86.605 170.0581
104.473757 86.574 169.9664
105.230817 86.541 169.8889
105.993363 86.508 169.8173
106.761435 86.476 169.7399
107.535072 86.443 169.6470
108.314315 86.411 169.5206
109.099206 86.375 169.3578
109.889783 86.334 169.1965
110.686090 86.291 169.0763
111.488167 86.252 168.9923
112.296056 86.218 168.9158
113.109800 86.184 168.8383
113.929440 86.149 168.7761
114.755020 86.113 168.7444
115.586582 86.078 168.7374
116.424170 86.044 168.7369
117.267827 86.010 168.7278
118.117598 85.976 168.7092
118.973527 85.943 168.6844
119.835658 85.912 168.6389
120.704037 85.882 168.5569
121.578708 85.849 168.4531
122.459718 85.812 168.3554
123.347111 85.774 168.2821
124.240935 85.736 168.2386
125.141236 85.699 168.2140
126.048061 85.663 168.1918
126.961458 85.626 168.1661
127.881473 85.587 168.1419
128.808154 85.548 168.1287
129.741551 85.509 168.1279
130.681712 85.473 168.1368
131.628686 85.439 168.1586
132.582521 85.408 168.1924
133.543269 85.380 168.2233
134.510979 85.352 168.2202
135.485701 85.320 168.1718
136.467486 85.280 168.1125
137.456386 85.236 168.0696
138.452451 85.192 168.0410
139.455735 85.151 168.0234
140.466288 85.112 168.0168
141.484165 85.077 168.0209
142.509418 85.042 168.0302
143.542100 85.005 168.0414
144.582265 84.966 168.0540
145.629968 84.925 168.0488
146.685262 84.883 168.0034
147.748204 84.842 167.9050
148.818849 84.801 167.7382
149.897251 84.756 167.5133
150.983469 84.699 167.3378
152.077557 84.640 167.3683
153.179574 84.597 167.5766
154.289576 84.569 167.8042
155.407622 84.544 167.9777
156.533770 84.510 168.0940
157.668078 84.462 168.2136
158.810606 84.409 168.4118
159.961413 84.364 168.6422
161.120559 84.328 168.8282
162.288105 84.293 168.9907
163.464112 84.257 169.1815
164.648640 84.217 169.4179
165.841752 84.173 169.6779
167.043510 84.119 169.9479
168.253976 84.054 170.2704
169.473213 83.988 170.7197
170.701286 83.940 171.2792
171.938258 83.917 171.8281
173.184194 83.913 172.3138
174.439158 83.923 172.7502
175.703216 83.942 173.1439
176.976434 83.965 173.5087
178.258878 83.994 173.8444
179.550615 84.029 174.1563
180.851713 84.076 174.4280
182.162239 84.134 174.5951
183.482262 84.198 174.6097
184.811850 84.256 174.4652
186.151073 84.293 174.2114
187.500000 84.306 173.9960
188.858702 84.305 173.8953
190.227250 84.300 173.8434
191.605715 84.292 173.7295
192.994169 84.277 173.5217
194.392685 84.258 173.2874
195.801334 84.249 173.1001
197.220191 84.259 172.9643
198.649330 84.284 172.8835
200.088825 84.312 172.8522
201.538751 84.322 172.7490
202.999184 84.285 172.5632
204.470200 84.203 172.4904
205.951875 84.110 172.5284
207.444287 84.027 172.5981
208.947514 83.966 172.7202
210.461634 83.930 172.8889
211.986726 83.908 173.0172
213.522869 83.885 173.0817
215.070144 83.856 173.1257
216.628631 83.828 173.1582
218.198411 83.804 173.1849
219.779567 83.784 173.2365
221.372180 83.766 173.3177
222.976334 83.742 173.3929
224.592112 83.708 173.4538
226.219600 83.668 173.5349
227.858880 83.633 173.6567
229.510039 83.610 173.7849
231.173164 83.596 173.8873
232.848340 83.584 173.9826
234.535655 83.568 174.0859
236.235197 83.548 174.1870
237.947054 83.526 174.2835
239.671317 83.503 174.3899
241.408074 83.483 174.5050
243.157416 83.465 174.6187
244.919435 83.447 174.7327
246.694223 83.425 174.8522
248.481871 83.402 174.9811
250.282473 83.379 175.1155
252.096123 83.358 175.2473
253.922915 83.339 175.3739
255.762945 83.321 175.5031
257.616309 83.303 175.6422
259.483103 83.284 175.7819
261.363424 83.263 175.9099
263.257372 83.242 176.0336
265.165043 83.221 176.1639
267.086538 83.203 176.2999
269.021957 83.186 176.4408
270.971401 83.168 176.5876
272.934972 83.149 176.7417
274.912771 83.129 176.9036
276.904902 83.107 177.0756
278.911469 83.085 177.2474
280.932577 83.063 177.3967
282.968330 83.043 177.5134
285.018835 83.027 177.6185
287.084199 83.014 177.7431
289.164530 83.001 177.8942
291.259935 82.989 178.0562
293.370525 82.977 178.2163
295.496408 82.967 178.3808
297.637697 82.958 178.5585
299.794503 82.947 178.7385
301.966937 82.931 178.9105
304.155114 82.910 179.0699
306.359147 82.888 179.2149
308.579152 82.869 179.3636
310.815244 82.852 179.5294
313.067539 82.837 179.7051
315.336156 82.823 179.8828
317.621211 82.809 -179.9354
319.922826 82.795 -179.7493
322.241118 82.781 -179.5675
324.576210 82.768 -179.3938
326.928223 82.755 -179.2276
329.297280 82.743 -179.0671
331.683504 82.730 -178.9079
334.087019 82.717 -178.7475
336.507952 82.704 -178.5829
338.946427 82.691 -178.4121
341.402572 82.678 -178.2346
343.876516 82.666 -178.0499
346.368387 82.655 -177.8609
348.878315 82.645 -177.6730
351.406431 82.634 -177.4870
353.952867 82.623 -177.3010
356.517756 82.612 -177.1148
359.101230 82.602 -176.9301
361.703426 82.593 -176.7474
364.324478 82.586 -176.5620
366.964523 82.580 -176.3687
369.623699 82.573 -176.1740
372.302145 82.563 -175.9881
375.000000 82.550 -175.8086
377.717405 82.538 -175.6301
380.454501 82.527 -175.4453
383.211431 82.517 -175.2534
385.988339 82.508 -175.0644
388.785369 82.499 -174.8846
391.602668 82.489 -174.7099
394.440383 82.479 -174.5323
397.298660 82.470 -174.3468
400.177650 82.461 -174.1529
403.077502 82.452 -173.9549
405.998368 82.444 -173.7566
408.940400 82.436 -173.5580
411.903750 82.428 -173.3565
414.888575 82.421 -173.1490
417.895028 82.416 -172.9404
420.923268 82.407 -172.7426
423.973452 82.396 -172.5527
427.045738 82.383 -172.3606
430.140287 82.372 -172.1623
433.257261 82.362 -171.9586
436.396822 82.353 -171.7522
439.559133 82.345 -171.5455
442.744360 82.338 -171.3381
445.952668 82.330 -171.1294
449.184225 82.322 -170.9195
452.439199 82.314 -170.7092
455.717760 82.307 -170.4972
459.020079 82.299 -170.2803
462.346327 82.291 -170.0592
465.696680 82.284 -169.8361
469.071310 82.276 -169.6131
472.470394 82.269 -169.3919
475.894109 82.262 -169.1721
479.342634 82.256 -168.9509
482.816148 82.250 -168.7258
486.314833 82.244 -168.4966
489.838871 82.238 -168.2650
493.388445 82.231 -168.0338
496.963741 82.225 -167.8029
500.564945 82.219 -167.5692
504.192245 82.212 -167.3313
507.845830 82.206 -167.0908
511.525890 82.201 -166.8485
515.232618 82.196 -166.6049
518.966206 82.191 -166.3626
522.726849 82.185 -166.1217
526.514743 82.179 -165.8791
530.330086 82.173 -165.6349
534.173076 82.167 -165.3920
538.043915 82.162 -165.1480
541.942803 82.158 -164.8956
545.869944 82.155 -164.6362
549.825542 82.152 -164.3764
553.809805 82.149 -164.1173
557.822939 82.145 -163.8563
561.865154 82.142 -163.5932
565.936660 82.138 -163.3294
570.037671 82.135 -163.0648
574.168399 82.133 -162.7981
578.329060 82.130 -162.5301
582.519870 82.129 -162.2614
586.741049 82.127 -161.9920
590.992817 82.124 -161.7220
595.275394 82.122 -161.4498
599.589005 82.120 -161.1741
603.933874 82.118 -160.8958
608.310228 82.117 -160.6161
612.718295 82.116 -160.3365
617.158304 82.116 -160.0569
621.630488 82.116 -159.7752
626.135079 82.117 -159.4901
630.672311 82.117 -159.2028
635.242423 82.118 -158.9168
639.845651 82.118 -158.6318
644.482237 82.117 -158.3438
649.152421 82.116 -158.0525
653.856447 82.115 -157.7603
658.594560 82.114 -157.4678
663.367008 82.115 -157.1726
668.174039 82.118 -156.8749
673.015903 82.122 -156.5761
677.892854 82.125 -156.2752
682.805145 82.128 -155.9712
687.753032 82.131 -155.6655
692.736774 82.134 -155.3596
697.756631 82.137 -155.0531
702.812863 82.141 -154.7440
707.905735 82.145 -154.4312
713.035511 82.149 -154.1149
718.202461 82.153 -153.7960
723.406852 82.156 -153.4759
728.648956 82.160 -153.1549
733.929047 82.164 -152.8326
739.247399 82.168 -152.5086
744.604290 82.173 -152.1832
750.000000 82.179 -151.8569
755.434809 82.185 -151.5283
760.909001 82.191 -151.1950
766.422861 82.197 -150.8550
771.976677 82.202 -150.5096
777.570739 82.209 -150.1633
783.205337 82.217 -149.8241
788.880766 82.227 -149.4918
794.597321 82.237 -149.1587
800.355301 82.247 -148.8200
806.155005 82.257 -148.4749
811.996736 82.267 -148.1274
817.880799 82.278 -147.7799
823.807501 82.288 -147.4313
829.777150 82.300 -147.0809
835.790057 82.312 -146.7296
841.846536 82.324 -146.3784
847.946903 82.337 -146.0264
854.091476 82.350 -145.6730
860.280575 82.363 -145.3192
866.514523 82.377 -144.9645
872.793644 82.391 -144.6075
879.118267 82.405 -144.2481
885.488720 82.419 -143.8854
891.905336 82.433 -143.5195
898.368450 82.447 -143.1535
904.878398 82.462 -142.7937
911.435520 82.479 -142.4382
918.040157 82.496 -142.0806
924.692655 82.513 -141.7193
931.393359 82.531 -141.3550
938.142619 82.549 -140.9882
944.940787 82.567 -140.6206
951.788218 82.586 -140.2543
958.685268 82.605 -139.8880
965.632296 82.624 -139.5208
972.629666 82.643 -139.1519
979.677741 82.663 -138.7809
986.776890 82.683 -138.4079
993.927482 82.703 -138.0331
1001.129891 82.724 -137.6568
1008.384491 82.745 -137.2792
1015.691660 82.766 -136.9021
1023.051781 82.788 -136.5248
1030.465236 82.811 -136.1471
1037.932411 82.834 -135.7706
1045.453698 82.858 -135.3950
1053.029486 82.882 -135.0188
1060.660172 82.906 -134.6390
1068.346153 82.930 -134.2565
1076.087829 82.956 -133.8736
1083.885605 82.981 -133.4902
1091.739887 83.007 -133.1068
1099.651084 83.034 -132.7248
1107.619609 83.060 -132.3437
1115.645878 83.087 -131.9624
1123.730308 83.114 -131.5814
1131.873321 83.143 -131.2017
1140.075341 83.171 -130.8204
1148.336797 83.200 -130.4333
1156.658119 83.229 -130.0421
1165.039741 83.259 -129.6501
1173.482099 83.289 -129.2593
1181.985634 83.319 -128.8700
1190.550789 83.350 -128.4810
1199.178011 83.381 -128.0931
1207.867749 83.413 -127.7071
1216.620457 83.446 -127.3215
1225.436590 83.479 -126.9352
1234.316609 83.512 -126.5486
1243.260976 83.546 -126.1608
1252.270157 83.579 -125.7710
1261.344623 83.614 -125.3809
1270.484846 83.649 -124.9931
1279.691303 83.685 -124.6066
1288.964474 83.722 -124.2190
1298.304842 83.759 -123.8296
1307.712894 83.796 -123.4396
1317.189120 83.833 -123.0512
1326.734016 83.870 -122.6647
1336.348077 83.908 -122.2790
1346.031806 83.947 -121.8923
1355.785708 83.986 -121.5056
1365.610290 84.027 -121.1218
1375.506065 84.067 -120.7399
1385.473549 84.108 -120.3559
1395.513261 84.150 -119.9695
1405.625726 84.192 -119.5838
1415.811469 84.234 -119.1996
1426.071023 84.277 -118.8172
1436.404921 84.321 -118.4364
1446.813703 84.365 -118.0561
1457.297912 84.410 -117.6753
1467.858093 84.455 -117.2940
1478.494798 84.500 -116.9135
1489.208581 84.546 -116.5346
1500.000000 84.592 -116.1578
1510.869618 84.640 -115.7847
1521.818002 84.687 -115.4146
1532.845723 84.735 -115.0455
1543.953355 84.784 -114.6767
1555.141477 84.833 -114.3088
1566.410674 84.882 -113.9433
1577.761531 84.932 -113.5810
1589.194642 84.982 -113.2220
1600.710601 85.033 -112.8663
1612.310010 85.084 -112.5126
1623.993473 85.136 -112.1585
1635.761599 85.189 -111.8043
1647.615002 85.242 -111.4521
1659.554299 85.296 -111.1028
1671.580114 85.350 -110.7564
1683.693072 85.405 -110.4128
1695.893807 85.460 -110.0716
1708.182952 85.516 -109.7326
1720.561150 85.572 -109.3953
1733.029045 85.628 -109.0609
1745.587288 85.685 -108.7321
1758.236533 85.742 -108.4095
1770.977440 85.800 -108.0902
1783.810673 85.858 -107.7728
1796.736900 85.917 -107.4582
1809.756796 85.976 -107.1476
1822.871040 86.035 -106.8409
1836.080315 86.095 -106.5388
1849.385310 86.154 -106.2420
1862.786718 86.215 -105.9508
1876.285239 86.276 -105.6639
1889.881575 86.338 -105.3805
1903.576436 86.400 -105.1023
1917.370535 86.462 -104.8299
1931.264593 86.524 -104.5631
1945.259332 86.587 -104.3010
1959.355483 86.650 -104.0434
1973.553781 86.713 -103.7904
1987.854965 86.776 -103.5423
2002.259781 86.839 -103.2998
2016.768981 86.901 -103.0646
2031.383320 86.965 -102.8375
2046.103561 87.028 -102.6175
2060.930471 87.092 -102.4033
2075.864823 87.156 -102.1945
2090.907395 87.219 -101.9914
2106.058972 87.283 -101.7949
2121.320344 87.346 -101.6056
2136.692305 87.410 -101.4229
2152.175658 87.474 -101.2458
2167.771210 87.537 -101.0741
2183.479774 87.600 -100.9094
2199.302169 87.663 -100.7526
2215.239219 87.726 -100.6031
2231.291755 87.788 -100.4607
2247.460615 87.850 -100.3245
2263.746641 87.912 -100.1944
2280.150683 87.974 -100.0722
2296.673595 88.036 -99.9604
2313.316238 88.098 -99.8607
2330.079481 88.159 -99.7734
2346.964198 88.220 -99.6973
2363.971268 88.280 -99.6313
2381.101578 88.339 -99.5746
2398.356022 88.397 -99.5271
2415.735498 88.454 -99.4884
2433.240913 88.509 -99.4583
2450.873180 88.563 -99.4360
2468.633217 88.615 -99.4204
2486.521951 88.666 -99.4116
2504.540314 88.715 -99.4102
2522.689246 88.763 -99.4162
2540.969692 88.810 -99.4293
2559.382606 88.855 -99.4493
2577.928947 88.899 -99.4749
2596.609683 88.941 -99.5046
2615.425787 88.982 -99.5398
2634.378241 89.021 -99.5818
2653.468031 89.058 -99.6306
2672.696154 89.093 -99.6850
2692.063613 89.126 -99.7438
2711.571415 89.157 -99.8055
2731.220579 89.187 -99.8702
2751.012130 89.214 -99.9383
2770.947098 89.240 -100.0097
2791.026522 89.263 -100.0840
2811.251451 89.284 -100.1600
2831.622938 89.303 -100.2375
2852.142045 89.319 -100.3160
2872.809842 89.333 -100.3953
2893.627406 89.345 -100.4756
2914.595823 89.354 -100.5560
2935.716186 89.362 -100.6345
2956.989596 89.367 -100.7096
2978.417161 89.370 -100.7816
3000.000000 89.371 -100.8514
3021.739237 89.369 -100.9182
3043.636005 89.366 -100.9820
3065.691446 89.359 -101.0438
3087.906710 89.351 -101.1028
3110.282955 89.340 -101.1564
3132.821347 89.327 -101.2034
3155.523062 89.312 -101.2430
3178.389283 89.295 -101.2752
3201.421202 89.275 -101.3004
3224.620020 89.254 -101.3192
3247.986946 89.230 -101.3319
3271.523198 89.205 -101.3383
3295.230004 89.177 -101.3371
3319.108599 89.147 -101.3270
3343.160228 89.115 -101.3079
3367.386145 89.081 -101.2799
3391.787613 89.045 -101.2420
3416.365904 89.007 -101.1933
3441.122300 88.967 -101.1335
3466.058091 88.925 -101.0624
3491.174576 88.881 -100.9794
3516.473066 88.835 -100.8841
3541.954880 88.788 -100.7756
3567.621345 88.738 -100.6531
3593.473800 88.688 -100.5169
3619.513592 88.636 -100.3666
3645.742080 88.583 -100.2020
3672.160630 88.530 -100.0223
3698.770620 88.476 -99.8279
3725.573436 88.422 -99.6223
3752.570477 88.369 -99.4098
3779.763150 88.314 -99.1932
3807.152872 88.260 -98.9740
3834.741071 88.204 -98.7538
3862.529185 88.147 -98.5339
3890.518664 88.088 -98.3146
3918.710966 88.027 -98.0951
3947.107561 87.963 -97.8730
3975.709929 87.897 -97.6456
4004.519563 87.827 -97.4103
4033.537962 87.754 -97.1649
4062.766641 87.678 -96.9066
4092.207123 87.599 -96.6330
4121.860942 87.517 -96.3429
4151.729646 87.432 -96.0361
4181.814790 87.344 -95.7114
4212.117944 87.253 -95.3663
4242.640687 87.159 -94.9976
4273.384610 87.062 -94.6023
4304.351317 86.963 -94.1781
4335.542421 86.863 -93.7218
4366.959549 86.761 -93.2316
4398.604338 86.659 -92.7088
4430.478438 86.557 -92.1559
4462.583511 86.456 -91.5760
4494.921231 86.356 -90.9731
4527.493283 86.256 -90.3517
4560.301365 86.158 -89.7155
4593.347189 86.059 -89.0666
4626.632476 85.961 -88.4046
4660.158962 85.862 -87.7283
4693.928395 85.763 -87.0365
4727.942535 85.663 -86.3284
4762.203156 85.563 -85.6031
4796.712043 85.462 -84.8612
4831.470996 85.361 -84.1037
4866.481826 85.259 -83.3312
4901.746360 85.157 -82.5443
4937.266434 85.054 -81.7449
4973.043902 84.951 -80.9333
5009.080628 84.846 -80.1086
5045.378492 84.739 -79.2689
5081.939384 84.630 -78.4113
5118.765212 84.519 -77.5322
5155.857894 84.406 -76.6271
5193.219366 84.290 -75.6928
5230.851574 84.171 -74.7273
5268.756481 84.051 -73.7248
5306.936062 83.930 -72.6785
5345.392309 83.808 -71.5846
5384.127225 83.686 -70.4423
5423.142830 83.566 -69.2523
5462.441159 83.449 -68.0162
5502.024259 83.336 -66.7389
5541.894195 83.225 -65.4272
5582.053045 83.119 -64.0857
5622.502902 83.017 -62.7180
5663.245876 82.918 -61.3292
5704.284090 82.823 -59.9234
5745.619684 82.730 -58.5000
5787.254813 82.639 -57.0545
5829.191647 82.549 -55.5807
5871.432373 82.462 -54.0747
5913.979192 82.377 -52.5334
5956.834323 82.295 -50.9526
6000.000000 82.218 -49.3292
6043.478473 82.147 -47.6642
6087.272010 82.083 -45.9606
6131.382892 82.027 -44.2227
6175.813420 81.980 -42.4574
6220.565910 81.942 -40.6746
6265.642695 81.915 -38.8845
6311.046124 81.898 -37.0955
6356.778566 81.890 -35.3131
6402.842404 81.891 -33.5416
6449.240040 81.901 -31.7844
6495.973891 81.919 -30.0452
6543.046396 81.945 -28.3280
6590.460007 81.979 -26.6358
6638.217197 82.021 -24.9699
6686.320456 82.072 -23.3332
6734.772290 82.131 -21.7303
6783.575226 82.198 -20.1678
6832.731809 82.273 -18.6515
6882.244600 82.355 -17.1863
6932.116181 82.444 -15.7766
6982.349153 82.539 -14.4272
7032.946133 82.639 -13.1417
7083.909760 82.745 -11.9239
7135.242690 82.857 -10.7780
7186.947600 82.973 -9.7082
7239.027185 83.094 -8.7206
7291.484160 83.219 -7.8231
7344.321260 83.346 -7.0234
7397.541239 83.475 -6.3276
7451.146872 83.604 -5.7417
7505.140954 83.732 -5.2722
7559.526299 83.856 -4.9264
7614.305743 83.975 -4.7105
7669.482141 84.086 -4.6259
7725.058371 84.186 -4.6696
7781.037328 84.272 -4.8349
7837.421932 84.341 -5.1131
7894.215122 84.392 -5.4931
7951.419859 84.421 -5.9596
8009.039125 84.427 -6.4938
8067.075924 84.409 -7.0774
8125.533282 84.364 -7.6938
8184.414245 84.293 -8.3251
8243.721885 84.195 -8.9509
8303.459292 84.071 -9.5492
8363.629581 83.920 -10.0978
8424.235888 83.744 -10.5738
8485.281374 83.543 -10.9537
8546.769221 83.319 -11.2176
8608.702634 83.075 -11.3504
8671.084842 82.813 -11.3374
8733.919097 82.535 -11.1638
8797.208675 82.245 -10.8159
8860.956876 81.945 -10.2822
8925.167022 81.637 -9.5553
8989.842461 81.327 -8.6294
9054.986566 81.016 -7.4948
9120.602731 80.709 -6.1389
9186.694378 80.410 -4.5525
9253.264952 80.125 -2.7307
9320.317925 79.861 -0.6726
9387.856790 79.624 1.6126
9455.885071 79.426 4.0951
9524.406312 79.273 6.7243
9593.424086 79.173 9.4271
9662.941992 79.127 12.1091
9732.963653 79.132 14.6721
9803.492719 79.179 17.0415
9874.532869 79.256 19.1774
9946.087805 79.352 21.0765
10018.161257 79.457 22.7618
10090.756983 79.566 24.2683
10163.878768 79.677 25.6306
10237.530423 79.791 26.8757
10311.715789 79.908 28.0217
10386.438732 80.032 29.0744
10461.703149 80.163 30.0268
10537.512962 80.304 30.8652
10613.872125 80.457 31.5721
10690.784618 80.622 32.1234
10768.254450 80.798 32.4891
10846.285661 80.985 32.6357
10924.882318 81.178 32.5307
11004.048518 81.372 32.1443
11083.788390 81.561 31.4494
11164.106090 81.738 30.4258
11245.005805 81.892 29.0649
11326.491752 82.015 27.3745
11408.568180 82.094 25.3823
11491.239368 82.122 23.1357
11574.509626 82.089 20.6972
11658.383294 81.992 18.1408
11742.864745 81.828 15.5460
11827.958384 81.598 12.9936
11913.668646 81.308 10.5580
12000.000000 80.964 8.3002
12086.956947 80.576 6.2632
12174.544019 80.153 4.4724
12262.765784 79.707 2.9356
12351.626840 79.248 1.6416
12441.131819 78.785 0.5644
12531.285389 78.326 -0.3372
12622.092249 77.874 -1.1142
12713.557132 77.428 -1.8073
12805.684808 76.987 -2.4400
12898.480079 76.550 -3.0219
12991.947783 76.120 -3.5627
13086.092792 75.697 -4.0845
13180.920015 75.281 -4.6145
13276.434395 74.871 -5.1662
13372.640911 74.464 -5.7392
13469.544580 74.061 -6.3319
13567.150452 73.661 -6.9441
13665.463617 73.266 -7.5771
13764.489200 72.878 -8.2318
13864.232362 72.498 -8.9078
13964.698305 72.127 -9.6079
14065.892266 71.769 -10.3386
14167.819519 71.425 -11.1116
14270.485380 71.098 -11.9436
14373.895200 70.791 -12.8519
14478.054370 70.507 -13.8515
14582.968320 70.247 -14.9600
14688.642520 70.011 -16.1971
14795.082478 69.800 -17.5823
14902.293745 69.614 -19.1437
15010.281908 69.452 -20.9133
15119.052599 69.312 -22.9238
15228.611486 69.191 -25.1991
15338.964283 69.087 -27.7548
15450.116741 68.993 -30.6081
15562.074656 68.902 -33.7680
15674.843864 68.802 -37.2155
15788.430244 68.688 -40.9047
15902.839718 68.557 -44.7840
16018.078250 68.415 -48.8222
16134.151848 68.266 -53.0160
16251.066563 68.114 -57.3807
16368.828491 67.961 -61.9421
16487.443769 67.804 -66.7316
16606.918584 67.640 -71.7717
16727.259161 67.465 -77.0811
16848.471777 67.275 -82.6750
16970.562748 67.065 -88.5624
17093.538442 66.823 -94.7533
17217.405268 66.539 -101.2249
17342.169684 66.203 -107.8959
17467.838194 65.815 -114.6443
17594.417350 65.392 -121.3716
17721.913751 64.964 -128.0825
17850.334044 64.570 -134.9012
17979.684923 64.236 -142.0240
18109.973131 63.970 -149.6765
18241.205462 63.756 -158.0835
18373.388756 63.569 -167.4186
18506.529905 63.377 -177.7773
18640.635849 63.146 170.7866
18775.713581 62.839 158.2529
18911.770141 62.424 144.6727
19048.812624 61.882 130.1862
19186.848172 61.215 114.9304
19325.883983 60.433 98.9102
19465.927305 59.547 82.0621
19606.985439 58.572 64.3494
19749.065738 57.563 46.0382
19892.175609 56.663 28.8060
20036.322514 56.127 17.8404
