* Measurement data measured by REW V5.31.3
* Source: Headset (USB-C to 3.5mm Headphone Jack Adapter), MICROPHONE (Master Volume), R, volume: 0.250. Timing signal peak level -31.3 dBFS, measurement signal peak level -25.3 dBFS
* Format: 256k Log Swept Sine, 1 sweep at -12.0 dBFS using an acoustic timing reference
* Dated: Dec 6, 2025 4:10:51 AM
* REW Settings:
*  C-weighting compensation: Off
*  Target level: 75.0 dB
* Note: stock tips; stock tips Delay -0.0716 ms (-25 mm, -0.97 in) using estimated IR delay relative to Acoustic reference played from  L with no timing offset
* Measurement: Crinear Daybreak L
* Smoothing: 1/24 octave
* Frequency Step: 96 ppo
* Start Frequency: 0.36621094 Hz
*
* Freq(Hz) SPL(dB) Phase(degrees)
0.366211 41.463 162.0352
0.368865 41.457 162.0139
0.371538 41.449 161.9827
0.374230 41.440 161.9463
0.376942 41.430 161.9072
0.379673 41.420 161.8661
0.382424 41.410 161.8233
0.385196 41.400 161.7787
0.387987 41.390 161.7325
0.390798 41.380 161.6846
0.393630 41.370 161.6350
0.396483 41.360 161.5837
0.399356 41.349 161.5306
0.402250 41.339 161.4758
0.405165 41.328 161.4192
0.408101 41.318 161.3609
0.411058 41.307 161.3007
0.414037 41.296 161.2388
0.417037 41.286 161.1750
0.420059 41.275 161.1093
0.423103 41.264 161.0419
0.426169 41.253 160.9725
0.429257 41.242 160.9013
0.432368 41.230 160.8282
0.435501 41.219 160.7531
0.438656 41.208 160.6762
0.441835 41.196 160.5973
0.445037 41.185 160.5165
0.448262 41.173 160.4338
0.451510 41.161 160.3491
0.454782 41.149 160.2624
0.458077 41.138 160.1737
0.461397 41.126 160.0831
0.464740 41.114 159.9905
0.468108 41.101 159.8958
0.471500 41.089 159.7992
0.474917 41.077 159.7006
0.478358 41.064 159.6000
0.481825 41.052 159.4973
0.485316 41.039 159.3927
0.488833 41.027 159.2860
0.492375 41.014 159.1773
0.495943 41.001 159.0666
0.499537 40.988 158.9539
0.503157 40.975 158.8392
0.506803 40.962 158.7225
0.510475 40.949 158.6039
0.514175 40.935 158.4832
0.517900 40.922 158.3606
0.521653 40.908 158.2360
0.525434 40.895 158.1095
0.529241 40.881 157.9811
0.533076 40.867 157.8508
0.536939 40.853 157.7186
0.540830 40.839 157.5845
0.544749 40.825 157.4487
0.548696 40.811 157.3110
0.552673 40.796 157.1715
0.556677 40.782 157.0303
0.560711 40.767 156.8875
0.564774 40.753 156.7429
0.568867 40.738 156.5968
0.572989 40.723 156.4490
0.577141 40.708 156.2998
0.581324 40.693 156.1491
0.585536 40.678 155.9969
0.589779 40.662 155.8434
0.594053 40.647 155.6886
0.598358 40.632 155.5327
0.602694 40.616 155.3755
0.607061 40.600 155.2173
0.611460 40.584 155.0581
0.615891 40.568 154.8979
0.620354 40.552 154.7370
0.624849 40.536 154.5754
0.629377 40.520 154.4131
0.633938 40.503 154.2504
0.638532 40.487 154.0872
0.643159 40.470 153.9238
0.647819 40.453 153.7603
0.652514 40.436 153.5967
0.657242 40.419 153.4332
0.662005 40.402 153.2701
0.666802 40.385 153.1073
0.671634 40.367 152.9451
0.676501 40.350 152.7837
0.681403 40.332 152.6233
0.686341 40.314 152.4639
0.691314 40.296 152.3059
0.696324 40.278 152.1494
0.701370 40.260 151.9946
0.706452 40.242 151.8418
0.711571 40.223 151.6911
0.716728 40.204 151.5428
0.721921 40.186 151.3971
0.727153 40.166 151.2538
0.732422 40.146 151.1126
0.737729 40.125 150.9724
0.743075 40.103 150.8320
0.748460 40.080 150.6909
0.753883 40.056 150.5486
0.759346 40.032 150.4053
0.764849 40.007 150.2607
0.770391 39.982 150.1151
0.775974 39.956 149.9682
0.781597 39.930 149.8203
0.787261 39.903 149.6712
0.792966 39.875 149.5211
0.798712 39.847 149.3699
0.804500 39.819 149.2177
0.810329 39.790 149.0645
0.816201 39.760 148.9104
0.822116 39.731 148.7553
0.828073 39.700 148.5994
0.834074 39.670 148.4427
0.840118 39.638 148.2853
0.846206 39.607 148.1272
0.852338 39.575 147.9684
0.858514 39.543 147.8092
0.864735 39.510 147.6495
0.871001 39.478 147.4894
0.877313 39.445 147.3290
0.883670 39.411 147.1685
0.890074 39.378 147.0079
0.896524 39.344 146.8473
0.903020 39.310 146.6870
0.909564 39.276 146.5269
0.916155 39.242 146.3673
0.922794 39.208 146.2083
0.929481 39.174 146.0502
0.936216 39.140 145.8929
0.943000 39.105 145.7368
0.949834 39.071 145.5821
0.956717 39.037 145.4289
0.963649 39.004 145.2775
0.970632 38.970 145.1281
0.977666 38.937 144.9810
0.984750 38.904 144.8364
0.991886 38.871 144.6947
0.999074 38.839 144.5560
1.006314 38.807 144.4207
1.013606 38.776 144.2892
1.020951 38.745 144.1618
1.028349 38.715 144.0388
1.035801 38.686 143.9206
1.043307 38.657 143.8076
1.050867 38.629 143.7001
1.058482 38.602 143.5987
1.066152 38.576 143.5037
1.073878 38.551 143.4157
1.081660 38.528 143.3350
1.089498 38.505 143.2625
1.097393 38.483 143.1990
1.105345 38.462 143.1458
1.113355 38.441 143.1043
1.121423 38.420 143.0750
1.129549 38.400 143.0582
1.137734 38.379 143.0538
1.145979 38.359 143.0618
1.154283 38.338 143.0818
1.162647 38.318 143.1137
1.171072 38.298 143.1573
1.179558 38.279 143.2122
1.188106 38.260 143.2782
1.196715 38.241 143.3550
1.205387 38.223 143.4422
1.214122 38.205 143.5394
1.222920 38.189 143.6461
1.231782 38.172 143.7619
1.240708 38.157 143.8864
1.249699 38.143 144.0188
1.258754 38.129 144.1588
1.267876 38.117 144.3055
1.277063 38.106 144.4583
1.286318 38.096 144.6166
1.295639 38.087 144.7794
1.305027 38.080 144.9460
1.314484 38.074 145.1155
1.324009 38.070 145.2869
1.333604 38.068 145.4593
1.343268 38.067 145.6315
1.353002 38.069 145.8027
1.362806 38.073 145.9715
1.372681 38.079 146.1368
1.382628 38.087 146.2975
1.392647 38.098 146.4521
1.402739 38.111 146.5995
1.412904 38.128 146.7384
1.423142 38.147 146.8673
1.433455 38.169 146.9851
1.443843 38.195 147.0909
1.454305 38.224 147.1851
1.464844 38.256 147.2700
1.475459 38.293 147.3514
1.486150 38.333 147.4350
1.496920 38.377 147.5236
1.507767 38.425 147.6174
1.518693 38.477 147.7158
1.529698 38.532 147.8177
1.540783 38.592 147.9219
1.551948 38.655 148.0271
1.563194 38.721 148.1319
1.574521 38.791 148.2351
1.585931 38.864 148.3352
1.597423 38.941 148.4309
1.608999 39.021 148.5208
1.620658 39.103 148.6036
1.632402 39.189 148.6778
1.644232 39.278 148.7420
1.656146 39.370 148.7950
1.668147 39.464 148.8353
1.680235 39.561 148.8617
1.692411 39.660 148.8727
1.704675 39.761 148.8672
1.717028 39.865 148.8439
1.729470 39.970 148.8015
1.742003 40.077 148.7387
1.754626 40.186 148.6546
1.767341 40.296 148.5478
1.780147 40.407 148.4175
1.793047 40.520 148.2627
1.806040 40.633 148.0831
1.819128 40.747 147.8795
1.832310 40.862 147.6554
1.845587 40.980 147.4173
1.858961 41.101 147.1712
1.872432 41.225 146.9196
1.886001 41.353 146.6631
1.899667 41.484 146.4012
1.913433 41.618 146.1330
1.927299 41.756 145.8576
1.941265 41.896 145.5741
1.955332 42.040 145.2815
1.969501 42.186 144.9789
1.983773 42.334 144.6654
1.998148 42.485 144.3399
2.012627 42.638 144.0016
2.027212 42.793 143.6497
2.041902 42.950 143.2831
2.056698 43.108 142.9010
2.071602 43.267 142.5025
2.086614 43.427 142.0868
2.101734 43.589 141.6530
2.116964 43.750 141.2002
2.132304 43.912 140.7276
2.147756 44.074 140.2344
2.163320 44.235 139.7202
2.178996 44.396 139.1851
2.194786 44.557 138.6308
2.210690 44.718 138.0614
2.226710 44.879 137.4817
2.242845 45.042 136.8948
2.259098 45.206 136.3018
2.275468 45.371 135.7033
2.291957 45.537 135.0992
2.308566 45.705 134.4895
2.325295 45.873 133.8741
2.342145 46.042 133.2527
2.359117 46.213 132.6251
2.376212 46.384 131.9909
2.393431 46.555 131.3499
2.410775 46.728 130.7016
2.428244 46.901 130.0455
2.445840 47.074 129.3812
2.463564 47.248 128.7083
2.481416 47.421 128.0261
2.499397 47.595 127.3341
2.517509 47.769 126.6318
2.535752 47.943 125.9189
2.554127 48.117 125.1955
2.572635 48.290 124.4630
2.591277 48.464 123.7236
2.610055 48.638 122.9793
2.628968 48.812 122.2314
2.648019 48.986 121.4806
2.667208 49.161 120.7274
2.686535 49.335 119.9721
2.706003 49.510 119.2151
2.725612 49.685 118.4564
2.745363 49.860 117.6964
2.765257 50.035 116.9349
2.785295 50.211 116.1720
2.805478 50.386 115.4075
2.825808 50.562 114.6415
2.846285 50.737 113.8736
2.866910 50.913 113.1036
2.887685 51.088 112.3313
2.908611 51.264 111.5565
2.929688 51.439 110.7793
2.950917 51.614 110.0001
2.972301 51.789 109.2197
2.993839 51.964 108.4387
3.015534 52.139 107.6578
3.037386 52.313 106.8772
3.059396 52.487 106.0974
3.081565 52.661 105.3185
3.103896 52.835 104.5409
3.126388 53.009 103.7645
3.149043 53.182 102.9896
3.171862 53.356 102.2162
3.194847 53.529 101.4442
3.217998 53.703 100.6737
3.241317 53.876 99.9046
3.264805 54.050 99.1367
3.288463 54.223 98.3700
3.312293 54.397 97.6046
3.336295 54.570 96.8406
3.360471 54.742 96.0783
3.384822 54.915 95.3179
3.409350 55.087 94.5597
3.434056 55.259 93.8038
3.458940 55.430 93.0504
3.484005 55.601 92.2996
3.509252 55.773 91.5515
3.534681 55.944 90.8061
3.560295 56.115 90.0635
3.586094 56.286 89.3236
3.612081 56.457 88.5865
3.638255 56.629 87.8523
3.664620 56.800 87.1210
3.691175 56.972 86.3929
3.717923 57.143 85.6683
3.744864 57.314 84.9472
3.772001 57.484 84.2295
3.799335 57.654 83.5149
3.826866 57.825 82.8034
3.854597 57.995 82.0945
3.882529 58.165 81.3883
3.910664 58.335 80.6843
3.939002 58.505 79.9824
3.967546 58.676 79.2825
3.996296 58.846 78.5844
4.025255 59.017 77.8885
4.054423 59.187 77.1953
4.083804 59.358 76.5055
4.113396 59.528 75.8192
4.143204 59.699 75.1362
4.173227 59.869 74.4561
4.203468 60.039 73.7785
4.233928 60.210 73.1028
4.264609 60.380 72.4286
4.295512 60.550 71.7554
4.326639 60.721 71.0827
4.357992 60.891 70.4105
4.389572 61.062 69.7389
4.421380 61.233 69.0685
4.453419 61.404 68.4003
4.485691 61.574 67.7345
4.518196 61.745 67.0711
4.550936 61.916 66.4094
4.583914 62.086 65.7490
4.617131 62.257 65.0893
4.650589 62.427 64.4297
4.684289 62.597 63.7698
4.718233 62.768 63.1091
4.752424 62.938 62.4476
4.786862 63.109 61.7859
4.821549 63.279 61.1249
4.856488 63.449 60.4649
4.891680 63.619 59.8059
4.927127 63.789 59.1476
4.962831 63.958 58.4896
4.998794 64.128 57.8316
5.035017 64.297 57.1730
5.071503 64.466 56.5134
5.108253 64.635 55.8528
5.145270 64.804 55.1913
5.182555 64.972 54.5294
5.220110 65.141 53.8676
5.257937 65.308 53.2061
5.296038 65.476 52.5446
5.334415 65.643 51.8832
5.373071 65.810 51.2216
5.412006 65.977 50.5596
5.451224 66.143 49.8969
5.490725 66.309 49.2336
5.530514 66.475 48.5698
5.570590 66.641 47.9058
5.610957 66.805 47.2418
5.651616 66.970 46.5779
5.692570 67.134 45.9140
5.733821 67.298 45.2501
5.775370 67.461 44.5862
5.817221 67.624 43.9220
5.859375 67.787 43.2577
5.901834 67.950 42.5934
5.944602 68.112 41.9291
5.987679 68.273 41.2650
6.031068 68.434 40.6011
6.074771 68.595 39.9372
6.118792 68.755 39.2733
6.163131 68.916 38.6092
6.207792 69.075 37.9449
6.252776 69.235 37.2806
6.298086 69.394 36.6163
6.343725 69.553 35.9522
6.389694 69.711 35.2881
6.435996 69.869 34.6239
6.482634 70.027 33.9592
6.529610 70.184 33.2940
6.576926 70.342 32.6281
6.624585 70.499 31.9615
6.672590 70.655 31.2946
6.720942 70.811 30.6274
6.769645 70.967 29.9597
6.818700 71.123 29.2912
6.868111 71.278 28.6217
6.917881 71.432 27.9509
6.968010 71.587 27.2787
7.018504 71.741 26.6054
7.069362 71.895 25.9309
7.120590 72.048 25.2554
7.172189 72.201 24.5788
7.224161 72.354 23.9008
7.276511 72.506 23.2212
7.329239 72.657 22.5400
7.382350 72.808 21.8570
7.435845 72.959 21.1724
7.489729 73.109 20.4864
7.544002 73.259 19.7990
7.598669 73.408 19.1103
7.653732 73.556 18.4202
7.709194 73.704 17.7286
7.765058 73.851 17.0354
7.821327 73.998 16.3406
7.878004 74.144 15.6445
7.935091 74.289 14.9474
7.992592 74.434 14.2493
8.050510 74.578 13.5504
8.108847 74.722 12.8505
8.167607 74.865 12.1493
8.226793 75.007 11.4472
8.286408 75.148 10.7443
8.346454 75.289 10.0410
8.406936 75.429 9.3373
8.467856 75.569 8.6332
8.529218 75.708 7.9283
8.591024 75.846 7.2229
8.653278 75.984 6.5170
8.715983 76.121 5.8108
8.779143 76.257 5.1045
8.842760 76.393 4.3978
8.906839 76.528 3.6907
8.971381 76.663 2.9830
9.036392 76.797 2.2750
9.101873 76.930 1.5666
9.167829 77.063 0.8578
9.234263 77.195 0.1485
9.301178 77.327 -0.5615
9.368578 77.458 -1.2721
9.436467 77.589 -1.9832
9.504847 77.719 -2.6949
9.573723 77.848 -3.4074
9.643099 77.977 -4.1207
9.712976 78.105 -4.8348
9.783361 78.232 -5.5496
9.854255 78.359 -6.2650
9.925663 78.486 -6.9810
9.997588 78.611 -7.6980
10.070035 78.736 -8.4157
10.143007 78.860 -9.1340
10.216507 78.984 -9.8527
10.290540 79.107 -10.5717
10.365109 79.229 -11.2914
10.440219 79.351 -12.0116
10.515873 79.472 -12.7320
10.592076 79.592 -13.4526
10.668830 79.712 -14.1731
10.746141 79.831 -14.8940
10.824012 79.949 -15.6150
10.902447 80.067 -16.3361
10.981451 80.184 -17.0572
11.061027 80.301 -17.7782
11.141180 80.417 -18.4994
11.221913 80.533 -19.2208
11.303232 80.647 -19.9424
11.385140 80.762 -20.6642
11.467641 80.876 -21.3863
11.550741 80.989 -22.1089
11.634442 81.102 -22.8322
11.718750 81.214 -23.5560
11.803669 81.326 -24.2806
11.889203 81.438 -25.0062
11.975357 81.548 -25.7328
12.062136 81.659 -26.4603
12.149543 81.768 -27.1891
12.237583 81.877 -27.9191
12.326262 81.986 -28.6504
12.415583 82.094 -29.3829
12.505552 82.201 -30.1165
12.596172 82.307 -30.8516
12.687449 82.413 -31.5878
12.779387 82.518 -32.3250
12.871992 82.623 -33.0631
12.965268 82.726 -33.8023
13.059220 82.829 -34.5422
13.153852 82.931 -35.2827
13.249170 83.033 -36.0236
13.345179 83.133 -36.7650
13.441884 83.233 -37.5067
13.539289 83.332 -38.2484
13.637401 83.431 -38.9900
13.736223 83.528 -39.7316
13.835761 83.625 -40.4729
13.936021 83.721 -41.2138
14.037007 83.817 -41.9543
14.138725 83.911 -42.6943
14.241180 84.005 -43.4339
14.344377 84.099 -44.1727
14.448323 84.191 -44.9110
14.553021 84.283 -45.6488
14.658478 84.375 -46.3860
14.764700 84.466 -47.1226
14.871691 84.556 -47.8588
14.979457 84.646 -48.5946
15.088005 84.735 -49.3301
15.197339 84.823 -50.0654
15.307465 84.911 -50.8007
15.418389 84.999 -51.5360
15.530117 85.086 -52.2716
15.642655 85.172 -53.0075
15.756008 85.258 -53.7438
15.870182 85.343 -54.4807
15.985184 85.427 -55.2182
16.101019 85.511 -55.9562
16.217694 85.593 -56.6947
16.335214 85.676 -57.4337
16.453586 85.757 -58.1729
16.572815 85.837 -58.9121
16.692909 85.917 -59.6511
16.813872 85.995 -60.3896
16.935713 86.073 -61.1272
17.058436 86.150 -61.8637
17.182048 86.226 -62.5988
17.306556 86.301 -63.3320
17.431967 86.376 -64.0635
17.558286 86.450 -64.7931
17.685521 86.523 -65.5206
17.813677 86.596 -66.2463
17.942762 86.668 -66.9705
18.072783 86.740 -67.6932
18.203746 86.811 -68.4150
18.335658 86.881 -69.1362
18.468526 86.952 -69.8572
18.602356 87.021 -70.5783
18.737156 87.091 -71.2999
18.872934 87.159 -72.0222
19.009695 87.227 -72.7452
19.147447 87.294 -73.4688
19.286197 87.361 -74.1930
19.425953 87.426 -74.9174
19.566721 87.491 -75.6417
19.708510 87.555 -76.3656
19.851326 87.618 -77.0886
19.995177 87.680 -77.8105
20.140070 87.742 -78.5311
20.286013 87.802 -79.2503
20.433014 87.862 -79.9680
20.581080 87.922 -80.6846
20.730219 87.980 -81.4001
20.880439 88.039 -82.1150
21.031747 88.096 -82.8294
21.184152 88.153 -83.5437
21.337661 88.209 -84.2578
21.492282 88.264 -84.9718
21.648024 88.319 -85.6853
21.804895 88.372 -86.3981
21.962902 88.425 -87.1095
22.122054 88.477 -87.8190
22.282360 88.527 -88.5259
22.443827 88.577 -89.2296
22.606464 88.627 -89.9298
22.770280 88.676 -90.6265
22.935283 88.724 -91.3198
23.101481 88.772 -92.0101
23.268884 88.820 -92.6982
23.437500 88.867 -93.3849
23.607338 88.915 -94.0714
23.778406 88.962 -94.7586
23.950714 89.008 -95.4472
24.124271 89.055 -96.1376
24.299086 89.100 -96.8301
24.475167 89.145 -97.5242
24.652524 89.188 -98.2193
24.831166 89.231 -98.9143
25.011103 89.272 -99.6080
25.192344 89.312 -100.2991
25.374898 89.351 -100.9864
25.558775 89.389 -101.6691
25.743984 89.426 -102.3466
25.930536 89.462 -103.0192
26.118439 89.499 -103.6872
26.307704 89.535 -104.3515
26.498341 89.571 -105.0133
26.690359 89.607 -105.6740
26.883768 89.643 -106.3346
27.078579 89.678 -106.9959
27.274801 89.713 -107.6585
27.472446 89.748 -108.3222
27.671522 89.781 -108.9864
27.872042 89.813 -109.6504
28.074014 89.845 -110.3132
28.277450 89.875 -110.9737
28.482360 89.905 -111.6313
28.688755 89.934 -112.2858
28.896645 89.962 -112.9372
29.106042 89.990 -113.5859
29.316957 90.018 -114.2326
29.529400 90.045 -114.8780
29.743382 90.072 -115.5223
29.958915 90.097 -116.1658
30.176009 90.123 -116.8079
30.394677 90.147 -117.4483
30.614929 90.170 -118.0862
30.836778 90.193 -118.7210
31.060234 90.216 -119.3526
31.285309 90.238 -119.9812
31.512015 90.259 -120.6073
31.740364 90.280 -121.2318
31.970368 90.301 -121.8554
32.202039 90.321 -122.4785
32.435388 90.341 -123.1009
32.670428 90.360 -123.7223
32.907171 90.378 -124.3416
33.145630 90.395 -124.9580
33.385817 90.412 -125.5710
33.627745 90.428 -126.1808
33.871425 90.444 -126.7880
34.116871 90.459 -127.3935
34.364096 90.474 -127.9983
34.613113 90.489 -128.6028
34.863934 90.503 -129.2067
35.116572 90.516 -129.8091
35.371041 90.527 -130.4084
35.627354 90.538 -131.0029
35.885525 90.549 -131.5919
36.145566 90.559 -132.1750
36.407492 90.569 -132.7532
36.671316 90.579 -133.3280
36.937051 90.589 -133.9011
37.204712 90.599 -134.4741
37.474313 90.608 -135.0479
37.745867 90.617 -135.6227
38.019389 90.625 -136.1980
38.294893 90.633 -136.7729
38.572394 90.639 -137.3463
38.851905 90.644 -137.9168
39.133442 90.649 -138.4834
39.417019 90.652 -139.0454
39.702651 90.656 -139.6027
39.990353 90.658 -140.1561
40.280140 90.661 -140.7072
40.572026 90.663 -141.2579
40.866028 90.665 -141.8098
41.162160 90.666 -142.3628
41.460438 90.665 -142.9153
41.760877 90.663 -143.4639
42.063494 90.659 -144.0045
42.368303 90.655 -144.5347
42.675322 90.652 -145.0552
42.984565 90.649 -145.5693
43.296048 90.647 -146.0825
43.609789 90.646 -146.5996
43.925804 90.645 -147.1232
44.244108 90.643 -147.6524
44.564719 90.640 -148.1833
44.887654 90.636 -148.7119
45.212928 90.631 -149.2358
45.540560 90.626 -149.7551
45.870565 90.621 -150.2711
46.202962 90.615 -150.7854
46.537768 90.608 -151.2978
46.875000 90.601 -151.8064
47.214676 90.592 -152.3087
47.556813 90.583 -152.8033
47.901429 90.574 -153.2904
48.248542 90.564 -153.7712
48.598171 90.554 -154.2471
48.950334 90.544 -154.7191
49.305048 90.534 -155.1885
49.662333 90.522 -155.6566
50.022206 90.511 -156.1246
50.384688 90.497 -156.5926
50.749796 90.483 -157.0583
51.117550 90.467 -157.5185
51.487969 90.450 -157.9703
51.861072 90.433 -158.4143
52.236879 90.417 -158.8546
52.615409 90.402 -159.2975
52.996681 90.388 -159.7482
53.380717 90.373 -160.2090
53.767536 90.358 -160.6788
54.157158 90.341 -161.1528
54.549603 90.322 -161.6241
54.944892 90.303 -162.0854
55.343045 90.283 -162.5335
55.744084 90.265 -162.9715
56.148028 90.249 -163.4073
56.554900 90.234 -163.8465
56.964720 90.217 -164.2839
57.377510 90.199 -164.7052
57.793291 90.182 -165.1007
58.212085 90.170 -165.4813
58.633914 90.163 -165.8803
59.058799 90.157 -166.3307
59.486764 90.145 -166.8353
59.917829 90.120 -167.3545
60.352019 90.083 -167.8286
60.789354 90.040 -168.2189
61.229859 90.000 -168.5349
61.673556 89.969 -168.8233
62.120468 89.944 -169.1301
62.570618 89.919 -169.4699
63.024031 89.891 -169.8274
63.480729 89.860 -170.1819
63.940736 89.829 -170.5261
64.404077 89.798 -170.8655
64.870776 89.769 -171.2072
65.340856 89.740 -171.5535
65.814343 89.712 -171.9037
66.291261 89.684 -172.2579
66.771635 89.657 -172.6156
67.255489 89.629 -172.9738
67.742850 89.601 -173.3286
68.233743 89.572 -173.6774
68.728193 89.543 -174.0194
69.226226 89.514 -174.3535
69.727867 89.485 -174.6793
70.233144 89.455 -174.9983
70.742083 89.425 -175.3125
71.254709 89.395 -175.6223
71.771050 89.363 -175.9261
72.291132 89.331 -176.2233
72.814984 89.299 -176.5157
73.342631 89.267 -176.8060
73.874102 89.235 -177.0963
74.409424 89.202 -177.3891
74.948626 89.169 -177.6862
75.491734 89.135 -177.9852
76.038779 89.099 -178.2774
76.589787 89.061 -178.5546
77.144788 89.025 -178.8170
77.703811 88.989 -179.0726
78.266885 88.954 -179.3289
78.834039 88.919 -179.5860
79.405303 88.883 -179.8400
79.980706 88.847 179.9108
80.560280 88.811 179.6654
81.144053 88.774 179.4233
81.732056 88.736 179.1859
82.324320 88.699 178.9537
82.920876 88.662 178.7253
83.521755 88.625 178.4993
84.126988 88.588 178.2764
84.736607 88.551 178.0573
85.350643 88.514 177.8427
85.969129 88.477 177.6332
86.592097 88.439 177.4293
87.219579 88.402 177.2301
87.851608 88.364 177.0356
88.488217 88.326 176.8485
89.129439 88.287 176.6692
89.775308 88.249 176.4942
90.425856 88.210 176.3201
91.081119 88.171 176.1486
91.741131 88.131 175.9820
92.405925 88.092 175.8195
93.075536 88.053 175.6591
93.750000 88.014 175.4992
94.429351 87.975 175.3383
95.113625 87.935 175.1772
95.802858 87.895 175.0216
96.497085 87.855 174.8761
97.196342 87.816 174.7399
97.900667 87.777 174.6089
98.610096 87.739 174.4798
99.324665 87.701 174.3516
100.044413 87.663 174.2270
100.769376 87.623 174.1102
101.499592 87.584 174.0019
102.235100 87.545 173.9004
102.975938 87.505 173.8038
103.722144 87.466 173.7109
104.473757 87.426 173.6226
105.230817 87.387 173.5422
105.993363 87.348 173.4705
106.761435 87.311 173.4002
107.535072 87.275 173.3240
108.314315 87.238 173.2438
109.099206 87.201 173.1684
109.889783 87.162 173.1034
110.686090 87.124 173.0504
111.488167 87.086 173.0068
112.296056 87.049 172.9658
113.109800 87.011 172.9237
113.929440 86.973 172.8844
114.755020 86.934 172.8529
115.586582 86.896 172.8310
116.424170 86.860 172.8141
117.267827 86.826 172.7918
118.117598 86.792 172.7575
118.973527 86.758 172.7141
119.835658 86.722 172.6700
120.704037 86.685 172.6364
121.578708 86.647 172.6202
122.459718 86.610 172.6188
123.347111 86.574 172.6275
124.240935 86.539 172.6417
125.141236 86.505 172.6561
126.048061 86.471 172.6689
126.961458 86.437 172.6832
127.881473 86.403 172.7005
128.808154 86.370 172.7198
129.741551 86.337 172.7425
130.681712 86.305 172.7708
131.628686 86.274 172.8060
132.582521 86.244 172.8467
133.543269 86.214 172.8878
134.510979 86.185 172.9229
135.485701 86.154 172.9550
136.467486 86.122 172.9943
137.456386 86.089 173.0455
138.452451 86.058 173.1047
139.455735 86.027 173.1660
140.466288 85.998 173.2251
141.484165 85.970 173.2807
142.509418 85.942 173.3358
143.542100 85.914 173.3941
144.582265 85.887 173.4567
145.629968 85.861 173.5233
146.685262 85.835 173.5910
147.748204 85.809 173.6577
148.818849 85.783 173.7268
149.897251 85.757 173.8021
150.983469 85.732 173.8832
152.077557 85.707 173.9665
153.179574 85.683 174.0491
154.289576 85.660 174.1344
155.407622 85.637 174.2269
156.533770 85.614 174.3251
157.668078 85.593 174.4224
158.810606 85.571 174.5125
159.961413 85.549 174.5950
161.120559 85.527 174.6750
162.288105 85.505 174.7578
163.464112 85.483 174.8469
164.648640 85.463 174.9430
165.841752 85.443 175.0450
167.043510 85.425 175.1511
168.253976 85.405 175.2579
169.473213 85.386 175.3628
170.701286 85.367 175.4635
171.938258 85.350 175.5569
173.184194 85.335 175.6471
174.439158 85.321 175.7470
175.703216 85.310 175.8671
176.976434 85.301 176.0084
178.258878 85.293 176.1555
179.550615 85.283 176.2748
180.851713 85.267 176.3552
182.162239 85.245 176.4314
183.482262 85.221 176.5195
184.811850 85.200 176.6129
186.151073 85.183 176.7090
187.500000 85.170 176.8097
188.858702 85.159 176.9162
190.227250 85.148 177.0268
191.605715 85.136 177.1375
192.994169 85.123 177.2441
194.392685 85.112 177.3483
195.801334 85.102 177.4561
197.220191 85.094 177.5743
198.649330 85.088 177.7078
200.088825 85.083 177.8479
201.538751 85.076 177.9702
202.999184 85.066 178.0658
204.470200 85.052 178.1545
205.951875 85.037 178.2417
207.444287 85.025 178.3253
208.947514 85.015 178.4087
210.461634 85.006 178.4983
211.986726 84.998 178.5995
213.522869 84.991 178.7095
215.070144 84.983 178.8231
216.628631 84.976 178.9366
218.198411 84.968 179.0478
219.779567 84.961 179.1565
221.372180 84.953 179.2647
222.976334 84.946 179.3720
224.592112 84.940 179.4759
226.219600 84.934 179.5748
227.858880 84.928 179.6713
229.510039 84.922 179.7708
231.173164 84.916 179.8748
232.848340 84.909 179.9790
234.535655 84.902 -179.9216
236.235197 84.895 -179.8295
237.947054 84.889 -179.7429
239.671317 84.884 -179.6536
241.408074 84.879 -179.5567
243.157416 84.876 -179.4554
244.919435 84.872 -179.3541
246.694223 84.869 -179.2554
248.481871 84.865 -179.1604
250.282473 84.861 -179.0692
252.096123 84.857 -178.9804
253.922915 84.852 -178.8910
255.762945 84.848 -178.7997
257.616309 84.844 -178.7065
259.483103 84.840 -178.6129
261.363424 84.836 -178.5217
263.257372 84.833 -178.4314
265.165043 84.830 -178.3381
267.086538 84.827 -178.2400
269.021957 84.824 -178.1424
270.971401 84.820 -178.0527
272.934972 84.816 -177.9709
274.912771 84.811 -177.8927
276.904902 84.807 -177.8139
278.911469 84.802 -177.7318
280.932577 84.798 -177.6458
282.968330 84.794 -177.5573
285.018835 84.791 -177.4680
287.084199 84.789 -177.3792
289.164530 84.788 -177.2914
291.259935 84.786 -177.2048
293.370525 84.786 -177.1193
295.496408 84.788 -177.0314
297.637697 84.791 -176.9422
299.794503 84.792 -176.8606
301.966937 84.787 -176.7834
304.155114 84.778 -176.7034
306.359147 84.770 -176.6253
308.579152 84.764 -176.5504
310.815244 84.760 -176.4744
313.067539 84.757 -176.3960
315.336156 84.754 -176.3174
317.621211 84.751 -176.2405
319.922826 84.747 -176.1628
322.241118 84.744 -176.0816
324.576210 84.740 -175.9982
326.928223 84.737 -175.9150
329.297280 84.734 -175.8304
331.683504 84.731 -175.7419
334.087019 84.728 -175.6530
336.507952 84.724 -175.5690
338.946427 84.719 -175.4907
341.402572 84.715 -175.4148
343.876516 84.712 -175.3383
346.368387 84.709 -175.2598
348.878315 84.706 -175.1799
351.406431 84.703 -175.0990
353.952867 84.699 -175.0174
356.517756 84.697 -174.9359
359.101230 84.694 -174.8538
361.703426 84.691 -174.7702
364.324478 84.688 -174.6832
366.964523 84.685 -174.5935
369.623699 84.682 -174.5084
372.302145 84.676 -174.4343
375.000000 84.669 -174.3662
377.717405 84.663 -174.2978
380.454501 84.658 -174.2236
383.211431 84.654 -174.1417
385.988339 84.649 -174.0546
388.785369 84.645 -173.9645
391.602668 84.640 -173.8730
394.440383 84.635 -173.7827
397.298660 84.630 -173.6966
400.177650 84.625 -173.6138
403.077502 84.619 -173.5319
405.998368 84.613 -173.4519
408.940400 84.607 -173.3751
411.903750 84.600 -173.3010
414.888575 84.593 -173.2319
417.895028 84.586 -173.1631
420.923268 84.580 -173.0764
423.973452 84.576 -172.9680
427.045738 84.572 -172.8557
430.140287 84.567 -172.7518
433.257261 84.562 -172.6549
436.396822 84.556 -172.5626
439.559133 84.549 -172.4741
442.744360 84.542 -172.3851
445.952668 84.536 -172.2916
449.184225 84.529 -172.1936
452.439199 84.522 -172.0935
455.717760 84.516 -171.9963
459.020079 84.509 -171.9046
462.346327 84.502 -171.8137
465.696680 84.495 -171.7209
469.071310 84.488 -171.6252
472.470394 84.481 -171.5256
475.894109 84.474 -171.4244
479.342634 84.466 -171.3241
482.816148 84.458 -171.2246
486.314833 84.450 -171.1246
489.838871 84.442 -171.0248
493.388445 84.434 -170.9269
496.963741 84.426 -170.8299
500.564945 84.419 -170.7328
504.192245 84.410 -170.6360
507.845830 84.401 -170.5370
511.525890 84.391 -170.4344
515.232618 84.380 -170.3317
518.966206 84.369 -170.2339
522.726849 84.359 -170.1406
526.514743 84.348 -170.0496
530.330086 84.336 -169.9590
534.173076 84.324 -169.8644
538.043915 84.311 -169.7610
541.942803 84.296 -169.6456
545.869944 84.280 -169.5198
549.825542 84.264 -169.3888
553.809805 84.248 -169.2524
557.822939 84.232 -169.1089
561.865154 84.216 -168.9579
565.936660 84.200 -168.8002
570.037671 84.186 -168.6376
574.168399 84.172 -168.4690
578.329060 84.158 -168.2943
582.519870 84.145 -168.1180
586.741049 84.132 -167.9446
590.992817 84.119 -167.7747
595.275394 84.107 -167.6053
599.589005 84.095 -167.4345
603.933874 84.083 -167.2626
608.310228 84.070 -167.0907
612.718295 84.058 -166.9174
617.158304 84.046 -166.7397
621.630488 84.033 -166.5583
626.135079 84.020 -166.3756
630.672311 84.007 -166.1935
635.242423 83.994 -166.0117
639.845651 83.982 -165.8264
644.482237 83.969 -165.6329
649.152421 83.956 -165.4309
653.856447 83.943 -165.2219
658.594560 83.930 -165.0143
663.367008 83.918 -164.8211
668.174039 83.906 -164.6353
673.015903 83.894 -164.4442
677.892854 83.883 -164.2463
682.805145 83.871 -164.0453
687.753032 83.858 -163.8436
692.736774 83.846 -163.6416
697.756631 83.832 -163.4373
702.812863 83.818 -163.2290
707.905735 83.804 -163.0169
713.035511 83.789 -162.8016
718.202461 83.774 -162.5827
723.406852 83.759 -162.3592
728.648956 83.743 -162.1308
733.929047 83.727 -161.8978
739.247399 83.711 -161.6602
744.604290 83.695 -161.4183
750.000000 83.679 -161.1717
755.434809 83.663 -160.9194
760.909001 83.647 -160.6608
766.422861 83.632 -160.3985
771.976677 83.617 -160.1364
777.570739 83.602 -159.8716
783.205337 83.587 -159.5917
788.880766 83.571 -159.2966
794.597321 83.556 -158.9962
800.355301 83.541 -158.6930
806.155005 83.526 -158.3854
811.996736 83.510 -158.0750
817.880799 83.496 -157.7639
823.807501 83.482 -157.4509
829.777150 83.468 -157.1316
835.790057 83.454 -156.8044
841.846536 83.441 -156.4717
847.946903 83.428 -156.1353
854.091476 83.416 -155.7948
860.280575 83.404 -155.4495
866.514523 83.392 -155.0987
872.793644 83.381 -154.7426
879.118267 83.370 -154.3813
885.488720 83.360 -154.0130
891.905336 83.350 -153.6361
898.368450 83.341 -153.2558
904.878398 83.332 -152.8810
911.435520 83.325 -152.5080
918.040157 83.318 -152.1270
924.692655 83.312 -151.7359
931.393359 83.306 -151.3382
938.142619 83.300 -150.9374
944.940787 83.295 -150.5339
951.788218 83.291 -150.1271
958.685268 83.287 -149.7171
965.632296 83.285 -149.3031
972.629666 83.282 -148.8846
979.677741 83.281 -148.4617
986.776890 83.280 -148.0343
993.927482 83.280 -147.6024
1001.129891 83.281 -147.1666
1008.384491 83.283 -146.7285
1015.691660 83.285 -146.2908
1023.051781 83.288 -145.8530
1030.465236 83.291 -145.4118
1037.932411 83.295 -144.9659
1045.453698 83.300 -144.5173
1053.029486 83.305 -144.0678
1060.660172 83.312 -143.6179
1068.346153 83.319 -143.1661
1076.087829 83.327 -142.7113
1083.885605 83.335 -142.2537
1091.739887 83.344 -141.7934
1099.651084 83.353 -141.3308
1107.619609 83.364 -140.8659
1115.645878 83.376 -140.3989
1123.730308 83.388 -139.9297
1131.873321 83.402 -139.4584
1140.075341 83.416 -138.9856
1148.336797 83.429 -138.5132
1156.658119 83.444 -138.0407
1165.039741 83.459 -137.5668
1173.482099 83.475 -137.0914
1181.985634 83.492 -136.6138
1190.550789 83.510 -136.1346
1199.178011 83.529 -135.6552
1207.867749 83.549 -135.1758
1216.620457 83.569 -134.6944
1225.436590 83.590 -134.2113
1234.316609 83.612 -133.7273
1243.260976 83.634 -133.2422
1252.270157 83.657 -132.7575
1261.344623 83.681 -132.2755
1270.484846 83.706 -131.7972
1279.691303 83.731 -131.3202
1288.964474 83.756 -130.8415
1298.304842 83.783 -130.3591
1307.712894 83.810 -129.8732
1317.189120 83.838 -129.3851
1326.734016 83.867 -128.8969
1336.348077 83.897 -128.4089
1346.031806 83.927 -127.9210
1355.785708 83.958 -127.4331
1365.610290 83.989 -126.9446
1375.506065 84.022 -126.4557
1385.473549 84.054 -125.9676
1395.513261 84.088 -125.4812
1405.625726 84.121 -124.9960
1415.811469 84.155 -124.5117
1426.071023 84.190 -124.0278
1436.404921 84.226 -123.5427
1446.813703 84.263 -123.0547
1457.297912 84.300 -122.5652
1467.858093 84.339 -122.0756
1478.494798 84.378 -121.5849
1489.208581 84.418 -121.0926
1500.000000 84.459 -120.6012
1510.869618 84.500 -120.1135
1521.818002 84.542 -119.6283
1532.845723 84.584 -119.1436
1543.953355 84.628 -118.6578
1555.141477 84.672 -118.1716
1566.410674 84.718 -117.6870
1577.761531 84.764 -117.2040
1589.194642 84.811 -116.7217
1600.710601 84.859 -116.2396
1612.310010 84.908 -115.7588
1623.993473 84.957 -115.2807
1635.761599 85.007 -114.8052
1647.615002 85.058 -114.3307
1659.554299 85.109 -113.8570
1671.580114 85.162 -113.3850
1683.693072 85.215 -112.9156
1695.893807 85.269 -112.4481
1708.182952 85.324 -111.9818
1720.561150 85.380 -111.5163
1733.029045 85.437 -111.0523
1745.587288 85.494 -110.5931
1758.236533 85.551 -110.1401
1770.977440 85.610 -109.6904
1783.810673 85.668 -109.2420
1796.736900 85.728 -108.7951
1809.756796 85.788 -108.3498
1822.871040 85.849 -107.9066
1836.080315 85.911 -107.4658
1849.385310 85.973 -107.0272
1862.786718 86.036 -106.5896
1876.285239 86.099 -106.1535
1889.881575 86.163 -105.7192
1903.576436 86.229 -105.2869
1917.370535 86.295 -104.8565
1931.264593 86.362 -104.4275
1945.259332 86.430 -104.0002
1959.355483 86.499 -103.5751
1973.553781 86.568 -103.1535
1987.854965 86.639 -102.7364
2002.259781 86.710 -102.3234
2016.768981 86.783 -101.9132
2031.383320 86.857 -101.5059
2046.103561 86.932 -101.1022
2060.930471 87.008 -100.7029
2075.864823 87.085 -100.3084
2090.907395 87.163 -99.9192
2106.058972 87.242 -99.5376
2121.320344 87.323 -99.1634
2136.692305 87.404 -98.7951
2152.175658 87.487 -98.4331
2167.771210 87.571 -98.0786
2183.479774 87.656 -97.7322
2199.302169 87.742 -97.3933
2215.239219 87.829 -97.0624
2231.291755 87.918 -96.7406
2247.460615 88.007 -96.4290
2263.746641 88.098 -96.1281
2280.150683 88.189 -95.8387
2296.673595 88.282 -95.5615
2313.316238 88.375 -95.2965
2330.079481 88.469 -95.0440
2346.964198 88.564 -94.8054
2363.971268 88.659 -94.5810
2381.101578 88.755 -94.3711
2398.356022 88.852 -94.1761
2415.735498 88.949 -93.9956
2433.240913 89.047 -93.8299
2450.873180 89.145 -93.6806
2468.633217 89.243 -93.5498
2486.521951 89.341 -93.4376
2504.540314 89.439 -93.3434
2522.689246 89.537 -93.2675
2540.969692 89.635 -93.2112
2559.382606 89.732 -93.1749
2577.928947 89.829 -93.1575
2596.609683 89.924 -93.1572
2615.425787 90.019 -93.1753
2634.378241 90.113 -93.2141
2653.468031 90.205 -93.2737
2672.696154 90.296 -93.3530
2692.063613 90.384 -93.4519
2711.571415 90.471 -93.5709
2731.220579 90.556 -93.7086
2751.012130 90.639 -93.8635
2770.947098 90.719 -94.0354
2791.026522 90.797 -94.2237
2811.251451 90.872 -94.4282
2831.622938 90.944 -94.6486
2852.142045 91.013 -94.8834
2872.809842 91.079 -95.1310
2893.627406 91.142 -95.3910
2914.595823 91.202 -95.6627
2935.716186 91.258 -95.9455
2956.989596 91.311 -96.2390
2978.417161 91.361 -96.5429
3000.000000 91.407 -96.8564
3021.739237 91.449 -97.1793
3043.636005 91.487 -97.5111
3065.691446 91.522 -97.8512
3087.906710 91.552 -98.1985
3110.282955 91.578 -98.5507
3132.821347 91.600 -98.9058
3155.523062 91.617 -99.2618
3178.389283 91.630 -99.6171
3201.421202 91.638 -99.9704
3224.620020 91.642 -100.3208
3247.986946 91.641 -100.6664
3271.523198 91.636 -101.0046
3295.230004 91.626 -101.3325
3319.108599 91.612 -101.6489
3343.160228 91.595 -101.9530
3367.386145 91.574 -102.2439
3391.787613 91.550 -102.5201
3416.365904 91.522 -102.7806
3441.122300 91.491 -103.0248
3466.058091 91.458 -103.2516
3491.174576 91.422 -103.4606
3516.473066 91.384 -103.6521
3541.954880 91.345 -103.8267
3567.621345 91.303 -103.9842
3593.473800 91.261 -104.1257
3619.513592 91.217 -104.2532
3645.742080 91.171 -104.3681
3672.160630 91.125 -104.4710
3698.770620 91.077 -104.5627
3725.573436 91.028 -104.6447
3752.570477 90.979 -104.7191
3779.763150 90.928 -104.7870
3807.152872 90.877 -104.8493
3834.741071 90.824 -104.9075
3862.529185 90.769 -104.9627
3890.518664 90.713 -105.0166
3918.710966 90.655 -105.0702
3947.107561 90.596 -105.1245
3975.709929 90.533 -105.1800
4004.519563 90.468 -105.2375
4033.537962 90.400 -105.2968
4062.766641 90.328 -105.3572
4092.207123 90.251 -105.4178
4121.860942 90.170 -105.4764
4151.729646 90.084 -105.5299
4181.814790 89.992 -105.5756
4212.117944 89.894 -105.6104
4242.640687 89.790 -105.6306
4273.384610 89.679 -105.6311
4304.351317 89.562 -105.6062
4335.542421 89.439 -105.5499
4366.959549 89.309 -105.4555
4398.604338 89.174 -105.3182
4430.478438 89.033 -105.1335
4462.583511 88.888 -104.8968
4494.921231 88.738 -104.6026
4527.493283 88.586 -104.2469
4560.301365 88.432 -103.8275
4593.347189 88.278 -103.3440
4626.632476 88.124 -102.7973
4660.158962 87.972 -102.1894
4693.928395 87.822 -101.5232
4727.942535 87.676 -100.8042
4762.203156 87.535 -100.0392
4796.712043 87.399 -99.2348
4831.470996 87.269 -98.3958
4866.481826 87.144 -97.5281
4901.746360 87.025 -96.6385
4937.266434 86.912 -95.7346
4973.043902 86.804 -94.8238
5009.080628 86.701 -93.9128
5045.378492 86.602 -93.0062
5081.939384 86.507 -92.1060
5118.765212 86.415 -91.2144
5155.857894 86.325 -90.3343
5193.219366 86.236 -89.4687
5230.851574 86.147 -88.6189
5268.756481 86.059 -87.7824
5306.936062 85.970 -86.9567
5345.392309 85.879 -86.1377
5384.127225 85.786 -85.3209
5423.142830 85.691 -84.5049
5462.441159 85.592 -83.6868
5502.024259 85.490 -82.8622
5541.894195 85.385 -82.0270
5582.053045 85.276 -81.1751
5622.502902 85.163 -80.3010
5663.245876 85.048 -79.4006
5704.284090 84.931 -78.4704
5745.619684 84.811 -77.5057
5787.254813 84.690 -76.5028
5829.191647 84.568 -75.4607
5871.432373 84.445 -74.3797
5913.979192 84.322 -73.2586
5956.834323 84.200 -72.0959
6000.000000 84.081 -70.8900
6043.478473 83.963 -69.6390
6087.272010 83.848 -68.3422
6131.382892 83.737 -67.0008
6175.813420 83.629 -65.6168
6220.565910 83.527 -64.1922
6265.642695 83.430 -62.7302
6311.046124 83.339 -61.2342
6356.778566 83.256 -59.7065
6402.842404 83.180 -58.1491
6449.240040 83.112 -56.5649
6495.973891 83.054 -54.9579
6543.046396 83.005 -53.3322
6590.460007 82.965 -51.6939
6638.217197 82.935 -50.0498
6686.320456 82.916 -48.4067
6734.772290 82.907 -46.7708
6783.575226 82.910 -45.1473
6832.731809 82.924 -43.5424
6882.244600 82.949 -41.9634
6932.116181 82.985 -40.4184
6982.349153 83.032 -38.9161
7032.946133 83.091 -37.4660
7083.909760 83.160 -36.0786
7135.242690 83.238 -34.7642
7186.947600 83.325 -33.5330
7239.027185 83.419 -32.3951
7291.484160 83.518 -31.3598
7344.321260 83.622 -30.4355
7397.541239 83.726 -29.6261
7451.146872 83.830 -28.9274
7505.140954 83.933 -28.3303
7559.526299 84.035 -27.8389
7614.305743 84.137 -27.4897
7669.482141 84.231 -27.3299
7725.058371 84.307 -27.3605
7781.037328 84.355 -27.5310
7837.421932 84.373 -27.7857
7894.215122 84.360 -28.0850
7951.419859 84.316 -28.3963
8009.039125 84.241 -28.6867
8067.075924 84.135 -28.9218
8125.533282 83.998 -29.0685
8184.414245 83.832 -29.0938
8243.721885 83.639 -28.9633
8303.459292 83.424 -28.6417
8363.629581 83.190 -28.0961
8424.235888 82.944 -27.2956
8485.281374 82.691 -26.2095
8546.769221 82.443 -24.8102
8608.702634 82.211 -23.0829
8671.084842 82.011 -21.0409
8733.919097 81.862 -18.7527
8797.208675 81.780 -16.3681
8860.956876 81.765 -14.1130
8925.167022 81.798 -12.2100
8989.842461 81.841 -10.7556
9054.986566 81.856 -9.6545
9120.602731 81.822 -8.6788
9186.694378 81.743 -7.5980
9253.264952 81.639 -6.2699
9320.317925 81.532 -4.6560
9387.856790 81.442 -2.7901
9455.885071 81.382 -0.7411
9524.406312 81.360 1.4144
9593.424086 81.379 3.6015
9662.941992 81.440 5.7503
9732.963653 81.540 7.7944
9803.492719 81.678 9.6725
9874.532869 81.849 11.3297
9946.087805 82.047 12.7158
10018.161257 82.263 13.7885
10090.756983 82.490 14.5164
10163.878768 82.716 14.8825
10237.530423 82.931 14.8871
10311.715789 83.125 14.5500
10386.438732 83.289 13.9079
10461.703149 83.417 13.0083
10537.512962 83.504 11.9033
10613.872125 83.550 10.6417
10690.784618 83.556 9.2634
10768.254450 83.522 7.7984
10846.285661 83.452 6.2638
10924.882318 83.346 4.6691
11004.048518 83.204 3.0243
11083.788390 83.025 1.3429
11164.106090 82.808 -0.3568
11245.005805 82.550 -2.0491
11326.491752 82.251 -3.6985
11408.568180 81.910 -5.2619
11491.239368 81.530 -6.6925
11574.509626 81.114 -7.9426
11658.383294 80.670 -8.9709
11742.864745 80.205 -9.7453
11827.958384 79.729 -10.2439
11913.668646 79.251 -10.4599
12000.000000 78.782 -10.4033
12086.956947 78.330 -10.0966
12174.544019 77.904 -9.5704
12262.765784 77.513 -8.8651
12351.626840 77.162 -8.0320
12441.131819 76.854 -7.1277
12531.285389 76.592 -6.2085
12622.092249 76.374 -5.3281
12713.557132 76.198 -4.5347
12805.684808 76.060 -3.8657
12898.480079 75.956 -3.3519
12991.947783 75.878 -3.0162
13086.092792 75.821 -2.8735
13180.920015 75.775 -2.9226
13276.434395 75.735 -3.1434
13372.640911 75.694 -3.5107
13469.544580 75.650 -3.9928
13567.150452 75.597 -4.5521
13665.463617 75.534 -5.1505
13764.489200 75.463 -5.7509
13864.232362 75.385 -6.3267
13964.698305 75.306 -6.8611
14065.892266 75.231 -7.3447
14167.819519 75.165 -7.7837
14270.485380 75.112 -8.1989
14373.895200 75.076 -8.6219
14478.054370 75.057 -9.0910
14582.968320 75.057 -9.6516
14688.642520 75.073 -10.3525
14795.082478 75.100 -11.2358
14902.293745 75.134 -12.3335
15010.281908 75.166 -13.6739
15119.052599 75.187 -15.2771
15228.611486 75.185 -17.1469
15338.964283 75.145 -19.2534
15450.116741 75.051 -21.5031
15562.074656 74.895 -23.7188
15674.843864 74.692 -25.6744
15788.430244 74.480 -27.1943
15902.839718 74.320 -28.2667
16018.078250 74.279 -29.1085
16134.151848 74.399 -30.1271
16251.066563 74.688 -31.8025
16368.828491 75.114 -34.5627
16487.443769 75.622 -38.7038
16606.918584 76.153 -44.3742
16727.259161 76.647 -51.5974
16848.471777 77.051 -60.2911
16970.562748 77.320 -70.2885
17093.538442 77.424 -81.3613
17217.405268 77.350 -93.2453
17342.169684 77.102 -105.6818
17467.838194 76.703 -118.4606
17594.417350 76.190 -131.4563
17721.913751 75.605 -144.6336
17850.334044 74.986 -158.0258
17979.684923 74.369 -171.7109
18109.973131 73.784 174.2064
18241.205462 73.252 159.6181
18373.388756 72.786 144.4160
18506.529905 72.385 128.4926
18640.635849 72.027 111.7734
18775.713581 71.678 94.2612
18911.770141 71.304 76.0409
19048.812624 70.879 57.2255
19186.848172 70.392 37.9036
19325.883983 69.836 18.1042
19465.927305 69.203 -2.2043
19606.985439 68.493 -23.0295
19749.065738 67.741 -43.9569
19892.175609 67.066 -62.9760
20036.322514 66.666 -74.7963
