* Measurement data measured by REW V5.31.3
* Source: Headset (USB-C to 3.5mm Headphone Jack Adapter), MICROPHONE (Master Volume), R, volume: 0.250. Timing signal peak level -31.7 dBFS, measurement signal peak level -25.3 dBFS
* Format: 256k Log Swept Sine, 1 sweep at -12.0 dBFS using an acoustic timing reference
* Dated: Dec 6, 2025 4:11:23 AM
* REW Settings:
*  C-weighting compensation: Off
*  Target level: 75.0 dB
* Note: stock tips; Delay -0.0827 ms (-28 mm, -1.12 in) using estimated IR delay relative to Acoustic reference played from  R with no timing offset Clock adjustment: 1.0 ppm
* Measurement: Crinear Daybreak R
* Smoothing: 1/24 octave
* Frequency Step: 96 ppo
* Start Frequency: 0.36621094 Hz
*
* Freq(Hz) SPL(dB) Phase(degrees)
0.366211 40.622 162.8510
0.368865 40.617 162.8310
0.371538 40.610 162.8017
0.374230 40.602 162.7676
0.376942 40.593 162.7309
0.379673 40.585 162.6924
0.382424 40.576 162.6523
0.385196 40.567 162.6107
0.387987 40.558 162.5675
0.390798 40.549 162.5228
0.393630 40.540 162.4765
0.396483 40.531 162.4287
0.399356 40.522 162.3793
0.402250 40.513 162.3283
0.405165 40.503 162.2757
0.408101 40.494 162.2215
0.411058 40.485 162.1656
0.414037 40.475 162.1081
0.417037 40.466 162.0489
0.420059 40.456 161.9880
0.423103 40.446 161.9255
0.426169 40.437 161.8612
0.429257 40.427 161.7953
0.432368 40.417 161.7275
0.435501 40.407 161.6581
0.438656 40.397 161.5869
0.441835 40.387 161.5139
0.445037 40.377 161.4392
0.448262 40.366 161.3627
0.451510 40.356 161.2844
0.454782 40.346 161.2043
0.458077 40.335 161.1224
0.461397 40.324 161.0387
0.464740 40.314 160.9532
0.468108 40.303 160.8658
0.471500 40.292 160.7766
0.474917 40.281 160.6856
0.478358 40.270 160.5927
0.481825 40.259 160.4980
0.485316 40.248 160.4014
0.488833 40.237 160.3031
0.492375 40.226 160.2028
0.495943 40.215 160.1007
0.499537 40.203 159.9968
0.503157 40.192 159.8911
0.506803 40.180 159.7835
0.510475 40.168 159.6740
0.514175 40.157 159.5628
0.517900 40.145 159.4498
0.521653 40.133 159.3350
0.525434 40.121 159.2184
0.529241 40.109 159.1000
0.533076 40.096 158.9799
0.536939 40.084 158.8580
0.540830 40.072 158.7345
0.544749 40.059 158.6093
0.548696 40.047 158.4824
0.552673 40.034 158.3538
0.556677 40.021 158.2237
0.560711 40.008 158.0920
0.564774 39.995 157.9588
0.568867 39.982 157.8240
0.572989 39.969 157.6878
0.577141 39.956 157.5502
0.581324 39.943 157.4113
0.585536 39.929 157.2710
0.589779 39.916 157.1295
0.594053 39.902 156.9867
0.598358 39.889 156.8429
0.602694 39.875 156.6979
0.607061 39.861 156.5520
0.611460 39.847 156.4051
0.615891 39.833 156.2573
0.620354 39.819 156.1088
0.624849 39.804 155.9596
0.629377 39.790 155.8099
0.633938 39.775 155.6596
0.638532 39.761 155.5089
0.643159 39.746 155.3580
0.647819 39.731 155.2069
0.652514 39.716 155.0557
0.657242 39.701 154.9046
0.662005 39.686 154.7537
0.666802 39.671 154.6032
0.671634 39.655 154.4532
0.676501 39.640 154.3038
0.681403 39.624 154.1552
0.686341 39.609 154.0076
0.691314 39.593 153.8611
0.696324 39.577 153.7159
0.701370 39.561 153.5723
0.706452 39.545 153.4304
0.711571 39.528 153.2904
0.716728 39.512 153.1525
0.721921 39.495 153.0169
0.727153 39.479 152.8835
0.732422 39.462 152.7520
0.737729 39.445 152.6216
0.743075 39.428 152.4914
0.748460 39.411 152.3609
0.753883 39.393 152.2299
0.759346 39.375 152.0983
0.764849 39.357 151.9662
0.770391 39.338 151.8334
0.775974 39.318 151.7000
0.781597 39.298 151.5661
0.787261 39.278 151.4315
0.792966 39.257 151.2964
0.798712 39.237 151.1608
0.804500 39.215 151.0246
0.810329 39.194 150.8879
0.816201 39.172 150.7507
0.822116 39.150 150.6130
0.828073 39.127 150.4748
0.834074 39.104 150.3363
0.840118 39.081 150.1973
0.846206 39.058 150.0580
0.852338 39.035 149.9184
0.858514 39.012 149.7785
0.864735 38.988 149.6383
0.871001 38.964 149.4980
0.877313 38.941 149.3576
0.883670 38.917 149.2171
0.890074 38.893 149.0766
0.896524 38.869 148.9362
0.903020 38.846 148.7959
0.909564 38.822 148.6559
0.916155 38.799 148.5162
0.922794 38.775 148.3768
0.929481 38.752 148.2380
0.936216 38.729 148.0998
0.943000 38.707 147.9623
0.949834 38.685 147.8256
0.956717 38.663 147.6899
0.963649 38.642 147.5553
0.970632 38.621 147.4219
0.977666 38.600 147.2899
0.984750 38.580 147.1594
0.991886 38.561 147.0307
0.999074 38.543 146.9038
1.006314 38.525 146.7789
1.013606 38.508 146.6563
1.020951 38.493 146.5361
1.028349 38.478 146.4186
1.035801 38.464 146.3039
1.043307 38.451 146.1923
1.050867 38.439 146.0840
1.058482 38.429 145.9792
1.066152 38.419 145.8782
1.073878 38.412 145.7813
1.081660 38.405 145.6888
1.089498 38.401 145.6013
1.097393 38.397 145.5199
1.105345 38.395 145.4462
1.113355 38.394 145.3819
1.121423 38.394 145.3280
1.129549 38.394 145.2847
1.137734 38.396 145.2516
1.145979 38.398 145.2287
1.154283 38.401 145.2154
1.162647 38.405 145.2115
1.171072 38.410 145.2164
1.179558 38.416 145.2298
1.188106 38.423 145.2512
1.196715 38.431 145.2800
1.205387 38.440 145.3157
1.214122 38.451 145.3577
1.222920 38.462 145.4055
1.231782 38.475 145.4584
1.240708 38.489 145.5158
1.249699 38.504 145.5769
1.258754 38.521 145.6410
1.267876 38.539 145.7074
1.277063 38.558 145.7753
1.286318 38.579 145.8438
1.295639 38.602 145.9121
1.305027 38.626 145.9794
1.314484 38.652 146.0446
1.324009 38.680 146.1069
1.333604 38.709 146.1653
1.343268 38.741 146.2188
1.353002 38.774 146.2665
1.362806 38.809 146.3072
1.372681 38.847 146.3399
1.382628 38.886 146.3636
1.392647 38.928 146.3773
1.402739 38.972 146.3798
1.412904 39.018 146.3701
1.423142 39.067 146.3471
1.433455 39.118 146.3101
1.443843 39.172 146.2584
1.454305 39.228 146.1927
1.464844 39.287 146.1157
1.475459 39.350 146.0333
1.486150 39.416 145.9513
1.496920 39.486 145.8723
1.507767 39.560 145.7968
1.518693 39.637 145.7241
1.529698 39.717 145.6532
1.540783 39.801 145.5829
1.551948 39.889 145.5122
1.563194 39.979 145.4398
1.574521 40.073 145.3645
1.585931 40.171 145.2852
1.597423 40.271 145.2006
1.608999 40.374 145.1095
1.620658 40.480 145.0108
1.632402 40.589 144.9033
1.644232 40.700 144.7859
1.656146 40.814 144.6574
1.668147 40.931 144.5167
1.680235 41.049 144.3627
1.692411 41.170 144.1944
1.704675 41.293 144.0107
1.717028 41.417 143.8105
1.729470 41.544 143.5930
1.742003 41.671 143.3571
1.754626 41.800 143.1020
1.767341 41.930 142.8268
1.780147 42.061 142.5306
1.793047 42.193 142.2130
1.806040 42.325 141.8737
1.819128 42.458 141.5140
1.832310 42.592 141.1373
1.845587 42.727 140.7502
1.858961 42.866 140.3587
1.872432 43.006 139.9654
1.886001 43.150 139.5709
1.899667 43.297 139.1747
1.913433 43.446 138.7760
1.927299 43.598 138.3739
1.941265 43.752 137.9674
1.955332 43.909 137.5557
1.969501 44.067 137.1377
1.983773 44.228 136.7126
1.998148 44.391 136.2794
2.012627 44.556 135.8373
2.027212 44.723 135.3852
2.041902 44.891 134.9223
2.056698 45.060 134.4477
2.071602 45.230 133.9606
2.086614 45.401 133.4600
2.101734 45.573 132.9452
2.116964 45.746 132.4153
2.132304 45.919 131.8695
2.147756 46.092 131.3071
2.163320 46.265 130.7277
2.178996 46.437 130.1316
2.194786 46.610 129.5207
2.210690 46.783 128.8994
2.226710 46.957 128.2729
2.242845 47.131 127.6440
2.259098 47.307 127.0139
2.275468 47.484 126.3825
2.291957 47.662 125.7498
2.308566 47.842 125.1152
2.325295 48.022 124.4784
2.342145 48.203 123.8388
2.359117 48.384 123.1959
2.376212 48.567 122.5491
2.393431 48.750 121.8978
2.410775 48.933 121.2414
2.428244 49.117 120.5793
2.445840 49.302 119.9108
2.463564 49.486 119.2352
2.481416 49.671 118.5519
2.499397 49.856 117.8601
2.517509 50.041 117.1592
2.535752 50.226 116.4491
2.554127 50.411 115.7300
2.572635 50.595 115.0039
2.591277 50.780 114.2738
2.610055 50.965 113.5420
2.628968 51.150 112.8096
2.648019 51.335 112.0771
2.667208 51.520 111.3446
2.686535 51.705 110.6121
2.706003 51.891 109.8795
2.725612 52.076 109.1465
2.745363 52.262 108.4130
2.765257 52.447 107.6787
2.785295 52.633 106.9433
2.805478 52.818 106.2063
2.825808 53.004 105.4673
2.846285 53.189 104.7259
2.866910 53.375 103.9817
2.887685 53.560 103.2342
2.908611 53.745 102.4833
2.929688 53.930 101.7292
2.950917 54.115 100.9733
2.972301 54.299 100.2168
2.993839 54.483 99.4607
3.015534 54.667 98.7055
3.037386 54.850 97.9513
3.059396 55.033 97.1983
3.081565 55.216 96.4464
3.103896 55.399 95.6956
3.126388 55.581 94.9458
3.149043 55.763 94.1968
3.171862 55.945 93.4484
3.194847 56.126 92.7004
3.217998 56.308 91.9525
3.241317 56.489 91.2045
3.264805 56.670 90.4560
3.288463 56.851 89.7072
3.312293 57.031 88.9582
3.336295 57.212 88.2098
3.360471 57.391 87.4625
3.384822 57.570 86.7167
3.409350 57.749 85.9726
3.434056 57.927 85.2302
3.458940 58.105 84.4895
3.484005 58.282 83.7507
3.509252 58.460 83.0136
3.534681 58.636 82.2782
3.560295 58.813 81.5443
3.586094 58.989 80.8119
3.612081 59.166 80.0807
3.638255 59.342 79.3506
3.664620 59.518 78.6217
3.691175 59.693 77.8944
3.717923 59.868 77.1689
3.744864 60.043 76.4455
3.772001 60.217 75.7242
3.799335 60.391 75.0051
3.826866 60.564 74.2879
3.854597 60.737 73.5726
3.882529 60.909 72.8592
3.910664 61.082 72.1473
3.939002 61.254 71.4370
3.967546 61.426 70.7279
3.996296 61.598 70.0200
4.025255 61.770 69.3134
4.054423 61.941 68.6084
4.083804 62.112 67.9054
4.113396 62.283 67.2046
4.143204 62.454 66.5059
4.173227 62.624 65.8092
4.203468 62.793 65.1143
4.233928 62.963 64.4209
4.264609 63.132 63.7288
4.295512 63.301 63.0377
4.326639 63.470 62.3474
4.357992 63.638 61.6578
4.389572 63.807 60.9687
4.421380 63.975 60.2808
4.453419 64.143 59.5943
4.485691 64.311 58.9096
4.518196 64.479 58.2265
4.550936 64.646 57.5449
4.583914 64.812 56.8644
4.617131 64.979 56.1847
4.650589 65.145 55.5055
4.684289 65.312 54.8264
4.718233 65.478 54.1473
4.752424 65.643 53.4681
4.786862 65.809 52.7891
4.821549 65.974 52.1108
4.856488 66.140 51.4334
4.891680 66.304 50.7570
4.927127 66.469 50.0813
4.962831 66.633 49.4060
4.998794 66.796 48.7309
5.035017 66.960 48.0556
5.071503 67.123 47.3798
5.108253 67.286 46.7034
5.145270 67.449 46.0266
5.182555 67.612 45.3496
5.220110 67.774 44.6728
5.257937 67.935 43.9963
5.296038 68.097 43.3199
5.334415 68.258 42.6434
5.373071 68.418 41.9668
5.412006 68.578 41.2897
5.451224 68.738 40.6119
5.490725 68.898 39.9334
5.530514 69.057 39.2543
5.570590 69.216 38.5747
5.610957 69.375 37.8949
5.651616 69.533 37.2148
5.692570 69.690 36.5346
5.733821 69.847 35.8540
5.775370 70.004 35.1730
5.817221 70.160 34.4915
5.859375 70.316 33.8092
5.901834 70.472 33.1263
5.944602 70.627 32.4428
5.987679 70.781 31.7588
6.031068 70.935 31.0744
6.074771 71.088 30.3898
6.118792 71.241 29.7048
6.163131 71.394 29.0195
6.207792 71.546 28.3337
6.252776 71.698 27.6474
6.298086 71.849 26.9604
6.343725 72.000 26.2729
6.389694 72.150 25.5850
6.435996 72.299 24.8967
6.482634 72.448 24.2083
6.529610 72.596 23.5197
6.576926 72.745 22.8309
6.624585 72.892 22.1417
6.672590 73.039 21.4519
6.720942 73.185 20.7617
6.769645 73.331 20.0711
6.818700 73.476 19.3805
6.868111 73.621 18.6897
6.917881 73.765 17.9990
6.968010 73.909 17.3082
7.018504 74.052 16.6171
7.069362 74.195 15.9257
7.120590 74.337 15.2339
7.172189 74.478 14.5421
7.224161 74.619 13.8503
7.276511 74.759 13.1588
7.329239 74.899 12.4673
7.382350 75.039 11.7757
7.435845 75.177 11.0839
7.489729 75.316 10.3920
7.544002 75.453 9.7000
7.598669 75.590 9.0082
7.653732 75.727 8.3166
7.709194 75.863 7.6251
7.765058 75.999 6.9335
7.821327 76.134 6.2418
7.878004 76.268 5.5499
7.935091 76.402 4.8580
7.992592 76.536 4.1662
8.050510 76.669 3.4743
8.108847 76.802 2.7824
8.167607 76.934 2.0901
8.226793 77.065 1.3976
8.286408 77.196 0.7048
8.346454 77.327 0.0117
8.406936 77.457 -0.6816
8.467856 77.587 -1.3753
8.529218 77.716 -2.0696
8.591024 77.844 -2.7645
8.653278 77.972 -3.4599
8.715983 78.100 -4.1558
8.779143 78.227 -4.8523
8.842760 78.354 -5.5496
8.906839 78.480 -6.2477
8.971381 78.605 -6.9466
9.036392 78.730 -7.6463
9.101873 78.854 -8.3465
9.167829 78.978 -9.0474
9.234263 79.101 -9.7493
9.301178 79.224 -10.4521
9.368578 79.346 -11.1557
9.436467 79.467 -11.8599
9.504847 79.588 -12.5646
9.573723 79.708 -13.2699
9.643099 79.828 -13.9760
9.712976 79.947 -14.6829
9.783361 80.065 -15.3902
9.854255 80.183 -16.0978
9.925663 80.300 -16.8057
9.997588 80.416 -17.5141
10.070035 80.532 -18.2230
10.143007 80.647 -18.9323
10.216507 80.761 -19.6418
10.290540 80.875 -20.3514
10.365109 80.989 -21.0614
10.440219 81.101 -21.7718
10.515873 81.213 -22.4825
10.592076 81.325 -23.1935
10.668830 81.436 -23.9048
10.746141 81.546 -24.6167
10.824012 81.656 -25.3291
10.902447 81.765 -26.0420
10.981451 81.874 -26.7554
11.061027 81.982 -27.4694
11.141180 82.089 -28.1843
11.221913 82.196 -28.8999
11.303232 82.302 -29.6161
11.385140 82.408 -30.3331
11.467641 82.513 -31.0509
11.550741 82.617 -31.7696
11.634442 82.720 -32.4889
11.718750 82.823 -33.2088
11.803669 82.926 -33.9293
11.889203 83.027 -34.6505
11.975357 83.128 -35.3721
12.062136 83.228 -36.0939
12.149543 83.327 -36.8158
12.237583 83.426 -37.5380
12.326262 83.524 -38.2602
12.415583 83.621 -38.9821
12.505552 83.717 -39.7037
12.596172 83.813 -40.4251
12.687449 83.908 -41.1461
12.779387 84.003 -41.8667
12.871992 84.097 -42.5866
12.965268 84.190 -43.3061
13.059220 84.283 -44.0252
13.153852 84.375 -44.7438
13.249170 84.466 -45.4619
13.345179 84.557 -46.1797
13.441884 84.648 -46.8974
13.539289 84.738 -47.6148
13.637401 84.827 -48.3321
13.736223 84.916 -49.0495
13.835761 85.004 -49.7670
13.936021 85.092 -50.4846
14.037007 85.179 -51.2024
14.138725 85.266 -51.9206
14.241180 85.352 -52.6390
14.344377 85.438 -53.3578
14.448323 85.523 -54.0769
14.553021 85.607 -54.7963
14.658478 85.691 -55.5160
14.764700 85.774 -56.2359
14.871691 85.856 -56.9560
14.979457 85.938 -57.6763
15.088005 86.019 -58.3966
15.197339 86.100 -59.1171
15.307465 86.180 -59.8375
15.418389 86.259 -60.5579
15.530117 86.338 -61.2783
15.642655 86.415 -61.9986
15.756008 86.493 -62.7187
15.870182 86.569 -63.4387
15.985184 86.645 -64.1585
16.101019 86.721 -64.8779
16.217694 86.795 -65.5971
16.335214 86.869 -66.3159
16.453586 86.943 -67.0342
16.572815 87.015 -67.7520
16.692909 87.087 -68.4693
16.813872 87.158 -69.1860
16.935713 87.229 -69.9020
17.058436 87.299 -70.6174
17.182048 87.368 -71.3321
17.306556 87.437 -72.0461
17.431967 87.505 -72.7595
17.558286 87.572 -73.4721
17.685521 87.639 -74.1841
17.813677 87.705 -74.8954
17.942762 87.770 -75.6061
18.072783 87.834 -76.3160
18.203746 87.898 -77.0252
18.335658 87.961 -77.7336
18.468526 88.024 -78.4411
18.602356 88.086 -79.1476
18.737156 88.147 -79.8529
18.872934 88.207 -80.5570
19.009695 88.267 -81.2597
19.147447 88.326 -81.9609
19.286197 88.384 -82.6606
19.425953 88.442 -83.3587
19.566721 88.499 -84.0552
19.708510 88.555 -84.7503
19.851326 88.611 -85.4441
19.995177 88.666 -86.1366
20.140070 88.721 -86.8280
20.286013 88.775 -87.5185
20.433014 88.828 -88.2082
20.581080 88.881 -88.8972
20.730219 88.934 -89.5857
20.880439 88.985 -90.2734
21.031747 89.036 -90.9604
21.184152 89.087 -91.6466
21.337661 89.136 -92.3316
21.492282 89.185 -93.0154
21.648024 89.233 -93.6976
21.804895 89.281 -94.3782
21.962902 89.328 -95.0571
22.122054 89.374 -95.7342
22.282360 89.420 -96.4097
22.443827 89.465 -97.0838
22.606464 89.510 -97.7570
22.770280 89.555 -98.4295
22.935283 89.599 -99.1019
23.101481 89.643 -99.7746
23.268884 89.686 -100.4480
23.437500 89.728 -101.1221
23.607338 89.770 -101.7969
23.778406 89.811 -102.4722
23.950714 89.851 -103.1474
24.124271 89.890 -103.8218
24.299086 89.928 -104.4946
24.475167 89.965 -105.1650
24.652524 90.001 -105.8321
24.831166 90.036 -106.4956
25.011103 90.071 -107.1550
25.192344 90.105 -107.8106
25.374898 90.139 -108.4628
25.558775 90.173 -109.1122
25.743984 90.206 -109.7598
25.930536 90.240 -110.4064
26.118439 90.273 -111.0528
26.307704 90.305 -111.6995
26.498341 90.337 -112.3467
26.690359 90.368 -112.9941
26.883768 90.399 -113.6413
27.078579 90.428 -114.2876
27.274801 90.457 -114.9323
27.472446 90.485 -115.5748
27.671522 90.512 -116.2148
27.872042 90.539 -116.8522
28.074014 90.565 -117.4872
28.277450 90.591 -118.1201
28.482360 90.616 -118.7513
28.688755 90.640 -119.3811
28.896645 90.664 -120.0093
29.106042 90.687 -120.6359
29.316957 90.710 -121.2603
29.529400 90.731 -121.8822
29.743382 90.753 -122.5012
29.958915 90.773 -123.1173
30.176009 90.794 -123.7307
30.394677 90.814 -124.3420
30.614929 90.833 -124.9520
30.836778 90.853 -125.5615
31.060234 90.872 -126.1711
31.285309 90.890 -126.7808
31.512015 90.908 -127.3905
31.740364 90.924 -127.9994
31.970368 90.940 -128.6065
32.202039 90.955 -129.2111
32.435388 90.970 -129.8123
32.670428 90.984 -130.4099
32.907171 90.997 -131.0040
33.145630 91.010 -131.5952
33.385817 91.023 -132.1843
33.627745 91.035 -132.7722
33.871425 91.048 -133.3596
34.116871 91.059 -133.9468
34.364096 91.070 -134.5336
34.613113 91.080 -135.1194
34.863934 91.090 -135.7033
35.116572 91.098 -136.2843
35.371041 91.106 -136.8618
35.627354 91.113 -137.4352
35.885525 91.119 -138.0047
36.145566 91.125 -138.5709
36.407492 91.131 -139.1342
36.671316 91.136 -139.6954
36.937051 91.140 -140.2544
37.204712 91.144 -140.8111
37.474313 91.148 -141.3651
37.745867 91.151 -141.9158
38.019389 91.153 -142.4635
38.294893 91.155 -143.0089
38.572394 91.158 -143.5533
38.851905 91.159 -144.0979
39.133442 91.161 -144.6433
39.417019 91.161 -145.1888
39.702651 91.160 -145.7328
39.990353 91.159 -146.2732
40.280140 91.157 -146.8084
40.572026 91.154 -147.3382
40.866028 91.152 -147.8644
41.162160 91.150 -148.3901
41.460438 91.148 -148.9183
41.760877 91.146 -149.4506
42.063494 91.142 -149.9859
42.368303 91.137 -150.5204
42.675322 91.130 -151.0493
42.984565 91.122 -151.5685
43.296048 91.113 -152.0759
43.609789 91.105 -152.5729
43.925804 91.097 -153.0632
44.244108 91.089 -153.5517
44.564719 91.083 -154.0418
44.887654 91.075 -154.5344
45.212928 91.067 -155.0280
45.540560 91.057 -155.5197
45.870565 91.047 -156.0071
46.202962 91.036 -156.4889
46.537768 91.024 -156.9661
46.875000 91.013 -157.4407
47.214676 91.001 -157.9148
47.556813 90.989 -158.3897
47.901429 90.977 -158.8653
48.248542 90.963 -159.3404
48.598171 90.948 -159.8132
48.950334 90.933 -160.2824
49.305048 90.918 -160.7477
49.662333 90.902 -161.2097
50.022206 90.886 -161.6698
50.384688 90.870 -162.1291
50.749796 90.853 -162.5870
51.117550 90.835 -163.0407
51.487969 90.816 -163.4859
51.861072 90.797 -163.9196
52.236879 90.778 -164.3424
52.615409 90.761 -164.7596
52.996681 90.744 -165.1784
53.380717 90.727 -165.6030
53.767536 90.709 -166.0317
54.157158 90.689 -166.4586
54.549603 90.667 -166.8790
54.944892 90.645 -167.2932
55.343045 90.622 -167.7052
55.744084 90.597 -168.1171
56.148028 90.571 -168.5258
56.554900 90.544 -168.9270
56.964720 90.517 -169.3236
57.377510 90.490 -169.7284
57.793291 90.462 -170.1531
58.212085 90.430 -170.5909
58.633914 90.390 -171.0104
59.058799 90.347 -171.3740
59.486764 90.307 -171.6694
59.917829 90.279 -171.9290
60.352019 90.264 -172.2137
60.789354 90.255 -172.5696
61.229859 90.243 -172.9960
61.673556 90.224 -173.4520
62.120468 90.197 -173.8913
62.570618 90.168 -174.2953
63.024031 90.141 -174.6745
63.480729 90.115 -175.0462
63.940736 90.088 -175.4150
64.404077 90.060 -175.7742
64.870776 90.031 -176.1185
65.340856 90.003 -176.4518
65.814343 89.974 -176.7813
66.291261 89.944 -177.1093
66.771635 89.912 -177.4329
67.255489 89.879 -177.7496
67.742850 89.846 -178.0606
68.233743 89.812 -178.3689
68.728193 89.778 -178.6766
69.226226 89.743 -178.9847
69.727867 89.708 -179.2935
70.233144 89.673 -179.6019
70.742083 89.638 -179.9077
71.254709 89.602 179.7905
71.771050 89.567 179.4932
72.291132 89.532 179.2001
72.814984 89.498 178.9123
73.342631 89.464 178.6303
73.874102 89.430 178.3522
74.409424 89.396 178.0745
74.948626 89.361 177.7963
75.491734 89.325 177.5220
76.038779 89.287 177.2585
76.589787 89.248 177.0089
77.144788 89.209 176.7697
77.703811 89.171 176.5335
78.266885 89.133 176.2952
78.834039 89.094 176.0550
79.405303 89.054 175.8171
79.980706 89.013 175.5853
80.560280 88.973 175.3594
81.144053 88.933 175.1365
81.732056 88.893 174.9151
82.324320 88.853 174.6968
82.920876 88.813 174.4851
83.521755 88.773 174.2814
84.126988 88.733 174.0838
84.736607 88.694 173.8892
85.350643 88.655 173.6964
85.969129 88.615 173.5062
86.592097 88.575 173.3201
87.219579 88.534 173.1395
87.851608 88.493 172.9651
88.488217 88.452 172.7963
89.129439 88.410 172.6306
89.775308 88.369 172.4658
90.425856 88.328 172.3030
91.081119 88.285 172.1453
91.741131 88.243 171.9940
92.405925 88.202 171.8464
93.075536 88.160 171.7003
93.750000 88.119 171.5566
94.429351 88.078 171.4181
95.113625 88.037 171.2836
95.802858 87.997 171.1495
96.497085 87.956 171.0157
97.196342 87.914 170.8895
97.900667 87.871 170.7781
98.610096 87.830 170.6798
99.324665 87.789 170.5857
100.044413 87.748 170.4909
100.769376 87.706 170.3994
101.499592 87.663 170.3163
102.235100 87.621 170.2403
102.975938 87.579 170.1665
103.722144 87.538 170.0930
104.473757 87.496 170.0204
105.230817 87.455 169.9494
105.993363 87.414 169.8803
106.761435 87.372 169.8157
107.535072 87.331 169.7572
108.314315 87.291 169.7039
109.099206 87.251 169.6551
109.889783 87.211 169.6098
110.686090 87.171 169.5652
111.488167 87.131 169.5228
112.296056 87.091 169.4882
113.109800 87.051 169.4623
113.929440 87.011 169.4416
114.755020 86.972 169.4235
115.586582 86.933 169.4073
116.424170 86.893 169.3937
117.267827 86.853 169.3858
118.117598 86.812 169.3902
118.973527 86.772 169.4093
119.835658 86.735 169.4330
120.704037 86.698 169.4482
121.578708 86.662 169.4559
122.459718 86.626 169.4644
123.347111 86.590 169.4747
124.240935 86.553 169.4840
125.141236 86.517 169.4953
126.048061 86.479 169.5162
126.961458 86.442 169.5504
127.881473 86.406 169.5939
128.808154 86.370 169.6405
129.741551 86.335 169.6863
130.681712 86.300 169.7320
131.628686 86.265 169.7794
132.582521 86.231 169.8274
133.543269 86.196 169.8766
134.510979 86.161 169.9329
135.485701 86.127 170.0016
136.467486 86.096 170.0774
137.456386 86.067 170.1465
138.452451 86.038 170.2049
139.455735 86.009 170.2619
140.466288 85.980 170.3250
141.484165 85.950 170.3969
142.509418 85.920 170.4778
143.542100 85.890 170.5657
144.582265 85.861 170.6577
145.629968 85.832 170.7489
146.685262 85.804 170.8351
147.748204 85.777 170.9175
148.818849 85.750 170.9995
149.897251 85.725 171.0812
150.983469 85.700 171.1645
152.077557 85.675 171.2567
153.179574 85.650 171.3590
154.289576 85.625 171.4688
155.407622 85.600 171.5841
156.533770 85.575 171.7005
157.668078 85.550 171.8138
158.810606 85.527 171.9212
159.961413 85.504 172.0236
161.120559 85.481 172.1255
162.288105 85.459 172.2326
163.464112 85.436 172.3474
164.648640 85.414 172.4686
165.841752 85.392 172.5922
167.043510 85.370 172.7148
168.253976 85.350 172.8369
169.473213 85.330 172.9605
170.701286 85.310 173.0853
171.938258 85.292 173.2088
173.184194 85.273 173.3271
174.439158 85.254 173.4340
175.703216 85.234 173.5212
176.976434 85.214 173.5865
178.258878 85.193 173.6451
179.550615 85.171 173.7365
180.851713 85.154 173.8864
182.162239 85.143 174.0604
183.482262 85.135 174.2256
184.811850 85.126 174.3773
186.151073 85.115 174.5178
187.500000 85.101 174.6499
188.858702 85.086 174.7757
190.227250 85.073 174.8963
191.605715 85.060 175.0149
192.994169 85.047 175.1366
194.392685 85.035 175.2629
195.801334 85.023 175.3909
197.220191 85.011 175.5177
198.649330 84.999 175.6441
200.088825 84.986 175.7737
201.538751 84.974 175.9091
202.999184 84.962 176.0482
204.470200 84.951 176.1847
205.951875 84.942 176.3105
207.444287 84.932 176.4274
208.947514 84.923 176.5441
210.461634 84.914 176.6633
211.986726 84.905 176.7825
213.522869 84.896 176.8984
215.070144 84.887 177.0117
216.628631 84.879 177.1248
218.198411 84.871 177.2385
219.779567 84.863 177.3542
221.372180 84.855 177.4731
222.976334 84.847 177.5942
224.592112 84.840 177.7157
226.219600 84.833 177.8362
227.858880 84.826 177.9551
229.510039 84.819 178.0716
231.173164 84.813 178.1852
232.848340 84.807 178.2973
234.535655 84.801 178.4094
236.235197 84.794 178.5214
237.947054 84.788 178.6313
239.671317 84.781 178.7397
241.408074 84.775 178.8474
243.157416 84.769 178.9529
244.919435 84.764 179.0601
246.694223 84.759 179.1736
248.481871 84.755 179.2905
250.282473 84.751 179.4035
252.096123 84.747 179.5094
253.922915 84.742 179.6113
255.762945 84.738 179.7134
257.616309 84.734 179.8178
259.483103 84.729 179.9231
261.363424 84.724 -179.9723
263.257372 84.719 -179.8687
265.165043 84.715 -179.7658
267.086538 84.711 -179.6641
269.021957 84.707 -179.5631
270.971401 84.703 -179.4596
272.934972 84.700 -179.3519
274.912771 84.696 -179.2426
276.904902 84.693 -179.1378
278.911469 84.689 -179.0378
280.932577 84.685 -178.9385
282.968330 84.682 -178.8366
285.018835 84.679 -178.7348
287.084199 84.676 -178.6357
289.164530 84.672 -178.5387
291.259935 84.667 -178.4439
293.370525 84.661 -178.3567
295.496408 84.653 -178.2839
297.637697 84.645 -178.2189
299.794503 84.639 -178.1363
301.966937 84.637 -178.0257
304.155114 84.638 -177.9062
306.359147 84.639 -177.7914
308.579152 84.637 -177.6853
310.815244 84.635 -177.5863
313.067539 84.631 -177.4904
315.336156 84.627 -177.3957
317.621211 84.623 -177.3019
319.922826 84.619 -177.2080
322.241118 84.615 -177.1136
324.576210 84.611 -177.0208
326.928223 84.607 -176.9303
329.297280 84.603 -176.8410
331.683504 84.599 -176.7504
334.087019 84.595 -176.6567
336.507952 84.591 -176.5597
338.946427 84.587 -176.4612
341.402572 84.583 -176.3646
343.876516 84.579 -176.2728
346.368387 84.574 -176.1850
348.878315 84.570 -176.0962
351.406431 84.566 -176.0030
353.952867 84.561 -175.9083
356.517756 84.557 -175.8136
359.101230 84.553 -175.7205
361.703426 84.548 -175.6317
364.324478 84.543 -175.5473
366.964523 84.538 -175.4638
369.623699 84.533 -175.3746
372.302145 84.528 -175.2750
375.000000 84.523 -175.1708
377.717405 84.518 -175.0694
380.454501 84.513 -174.9712
383.211431 84.508 -174.8748
385.988339 84.502 -174.7797
388.785369 84.496 -174.6854
391.602668 84.490 -174.5913
394.440383 84.484 -174.4966
397.298660 84.477 -174.4007
400.177650 84.472 -174.3023
403.077502 84.466 -174.2006
405.998368 84.461 -174.0956
408.940400 84.455 -173.9876
411.903750 84.450 -173.8746
414.888575 84.443 -173.7534
417.895028 84.437 -173.6311
420.923268 84.430 -173.5272
423.973452 84.424 -173.4464
427.045738 84.417 -173.3685
430.140287 84.410 -173.2807
433.257261 84.403 -173.1849
436.396822 84.396 -173.0847
439.559133 84.389 -172.9805
442.744360 84.381 -172.8735
445.952668 84.373 -172.7652
449.184225 84.365 -172.6575
452.439199 84.357 -172.5505
455.717760 84.349 -172.4413
459.020079 84.341 -172.3291
462.346327 84.333 -172.2160
465.696680 84.325 -172.1030
469.071310 84.316 -171.9894
472.470394 84.307 -171.8737
475.894109 84.298 -171.7569
479.342634 84.289 -171.6401
482.816148 84.280 -171.5226
486.314833 84.271 -171.4028
489.838871 84.262 -171.2818
493.388445 84.254 -171.1610
496.963741 84.245 -171.0390
500.564945 84.235 -170.9148
504.192245 84.225 -170.7877
507.845830 84.215 -170.6591
511.525890 84.204 -170.5308
515.232618 84.194 -170.4028
518.966206 84.184 -170.2731
522.726849 84.173 -170.1391
526.514743 84.161 -170.0012
530.330086 84.149 -169.8611
534.173076 84.136 -169.7197
538.043915 84.123 -169.5762
541.942803 84.111 -169.4322
545.869944 84.101 -169.2900
549.825542 84.091 -169.1480
553.809805 84.080 -169.0044
557.822939 84.068 -168.8571
561.865154 84.056 -168.7060
565.936660 84.043 -168.5530
570.037671 84.031 -168.3988
574.168399 84.019 -168.2413
578.329060 84.006 -168.0801
582.519870 83.993 -167.9165
586.741049 83.980 -167.7491
590.992817 83.966 -167.5780
595.275394 83.953 -167.4043
599.589005 83.940 -167.2285
603.933874 83.926 -167.0501
608.310228 83.912 -166.8692
612.718295 83.899 -166.6848
617.158304 83.885 -166.4952
621.630488 83.871 -166.2997
626.135079 83.857 -166.0999
630.672311 83.844 -165.8974
635.242423 83.830 -165.6912
639.845651 83.818 -165.4798
644.482237 83.806 -165.2631
649.152421 83.796 -165.0430
653.856447 83.787 -164.8223
658.594560 83.779 -164.6016
663.367008 83.770 -164.3789
668.174039 83.761 -164.1576
673.015903 83.753 -163.9449
677.892854 83.745 -163.7455
682.805145 83.738 -163.5603
687.753032 83.729 -163.3885
692.736774 83.720 -163.2266
697.756631 83.708 -163.0695
702.812863 83.694 -162.9134
707.905735 83.678 -162.7538
713.035511 83.658 -162.5865
718.202461 83.637 -162.4082
723.406852 83.614 -162.2148
728.648956 83.589 -162.0060
733.929047 83.564 -161.7833
739.247399 83.539 -161.5453
744.604290 83.514 -161.2905
750.000000 83.489 -161.0200
755.434809 83.465 -160.7360
760.909001 83.441 -160.4424
766.422861 83.417 -160.1403
771.976677 83.392 -159.8302
777.570739 83.369 -159.5136
783.205337 83.348 -159.1931
788.880766 83.330 -158.8690
794.597321 83.311 -158.5381
800.355301 83.293 -158.1992
806.155005 83.275 -157.8528
811.996736 83.256 -157.4993
817.880799 83.239 -157.1397
823.807501 83.222 -156.7750
829.777150 83.205 -156.4055
835.790057 83.189 -156.0311
841.846536 83.173 -155.6508
847.946903 83.158 -155.2645
854.091476 83.144 -154.8733
860.280575 83.131 -154.4771
866.514523 83.119 -154.0753
872.793644 83.107 -153.6672
879.118267 83.096 -153.2547
885.488720 83.086 -152.8390
891.905336 83.078 -152.4185
898.368450 83.070 -151.9921
904.878398 83.061 -151.5618
911.435520 83.052 -151.1285
918.040157 83.044 -150.6906
924.692655 83.038 -150.2480
931.393359 83.033 -149.8016
938.142619 83.028 -149.3504
944.940787 83.025 -148.8950
951.788218 83.023 -148.4365
958.685268 83.021 -147.9764
965.632296 83.020 -147.5153
972.629666 83.019 -147.0508
979.677741 83.020 -146.5816
986.776890 83.021 -146.1095
993.927482 83.023 -145.6355
1001.129891 83.026 -145.1601
1008.384491 83.031 -144.6842
1015.691660 83.036 -144.2068
1023.051781 83.042 -143.7238
1030.465236 83.049 -143.2354
1037.932411 83.056 -142.7465
1045.453698 83.064 -142.2580
1053.029486 83.074 -141.7679
1060.660172 83.084 -141.2764
1068.346153 83.096 -140.7841
1076.087829 83.108 -140.2909
1083.885605 83.121 -139.7971
1091.739887 83.135 -139.3031
1099.651084 83.149 -138.8084
1107.619609 83.164 -138.3121
1115.645878 83.180 -137.8159
1123.730308 83.196 -137.3219
1131.873321 83.214 -136.8293
1140.075341 83.232 -136.3345
1148.336797 83.251 -135.8342
1156.658119 83.271 -135.3324
1165.039741 83.292 -134.8318
1173.482099 83.314 -134.3327
1181.985634 83.336 -133.8340
1190.550789 83.358 -133.3357
1199.178011 83.382 -132.8391
1207.867749 83.406 -132.3441
1216.620457 83.431 -131.8492
1225.436590 83.457 -131.3537
1234.316609 83.483 -130.8586
1243.260976 83.510 -130.3651
1252.270157 83.537 -129.8731
1261.344623 83.565 -129.3814
1270.484846 83.593 -128.8875
1279.691303 83.621 -128.3913
1288.964474 83.650 -127.8950
1298.304842 83.680 -127.4006
1307.712894 83.710 -126.9073
1317.189120 83.740 -126.4142
1326.734016 83.772 -125.9208
1336.348077 83.803 -125.4265
1346.031806 83.836 -124.9306
1355.785708 83.868 -124.4329
1365.610290 83.902 -123.9337
1375.506065 83.936 -123.4327
1385.473549 83.971 -122.9273
1395.513261 84.006 -122.4182
1405.625726 84.042 -121.9094
1415.811469 84.079 -121.4018
1426.071023 84.118 -120.8943
1436.404921 84.157 -120.3858
1446.813703 84.197 -119.8765
1457.297912 84.238 -119.3685
1467.858093 84.281 -118.8624
1478.494798 84.324 -118.3588
1489.208581 84.367 -117.8573
1500.000000 84.412 -117.3571
1510.869618 84.457 -116.8578
1521.818002 84.503 -116.3599
1532.845723 84.549 -115.8643
1543.953355 84.596 -115.3718
1555.141477 84.644 -114.8815
1566.410674 84.693 -114.3922
1577.761531 84.743 -113.9046
1589.194642 84.793 -113.4199
1600.710601 84.844 -112.9384
1612.310010 84.896 -112.4591
1623.993473 84.948 -111.9797
1635.761599 85.000 -111.4998
1647.615002 85.053 -111.0225
1659.554299 85.107 -110.5491
1671.580114 85.162 -110.0788
1683.693072 85.217 -109.6102
1695.893807 85.273 -109.1427
1708.182952 85.329 -108.6770
1720.561150 85.386 -108.2147
1733.029045 85.444 -107.7562
1745.587288 85.501 -107.3010
1758.236533 85.558 -106.8479
1770.977440 85.616 -106.3954
1783.810673 85.674 -105.9428
1796.736900 85.733 -105.4906
1809.756796 85.793 -105.0401
1822.871040 85.854 -104.5908
1836.080315 85.915 -104.1429
1849.385310 85.977 -103.6958
1862.786718 86.040 -103.2469
1876.285239 86.103 -102.7953
1889.881575 86.168 -102.3443
1903.576436 86.233 -101.8961
1917.370535 86.298 -101.4501
1931.264593 86.365 -101.0050
1945.259332 86.432 -100.5605
1959.355483 86.501 -100.1165
1973.553781 86.571 -99.6745
1987.854965 86.642 -99.2364
2002.259781 86.714 -98.8023
2016.768981 86.787 -98.3722
2031.383320 86.861 -97.9460
2046.103561 86.937 -97.5231
2060.930471 87.013 -97.1039
2075.864823 87.091 -96.6899
2090.907395 87.170 -96.2820
2106.058972 87.251 -95.8809
2121.320344 87.332 -95.4871
2136.692305 87.414 -95.1011
2152.175658 87.498 -94.7232
2167.771210 87.582 -94.3522
2183.479774 87.668 -93.9873
2199.302169 87.754 -93.6292
2215.239219 87.842 -93.2792
2231.291755 87.931 -92.9387
2247.460615 88.020 -92.6082
2263.746641 88.111 -92.2883
2280.150683 88.203 -91.9788
2296.673595 88.296 -91.6792
2313.316238 88.389 -91.3904
2330.079481 88.484 -91.1144
2346.964198 88.580 -90.8538
2363.971268 88.676 -90.6090
2381.101578 88.773 -90.3786
2398.356022 88.871 -90.1618
2415.735498 88.970 -89.9591
2433.240913 89.069 -89.7715
2450.873180 89.168 -89.6000
2468.633217 89.267 -89.4464
2486.521951 89.367 -89.3122
2504.540314 89.466 -89.1976
2522.689246 89.565 -89.1017
2540.969692 89.664 -89.0245
2559.382606 89.762 -88.9661
2577.928947 89.860 -88.9263
2596.609683 89.957 -88.9044
2615.425787 90.054 -88.9020
2634.378241 90.149 -88.9208
2653.468031 90.243 -88.9612
2672.696154 90.336 -89.0231
2692.063613 90.427 -89.1060
2711.571415 90.517 -89.2091
2731.220579 90.604 -89.3320
2751.012130 90.688 -89.4741
2770.947098 90.770 -89.6353
2791.026522 90.850 -89.8153
2811.251451 90.927 -90.0130
2831.622938 91.001 -90.2278
2852.142045 91.072 -90.4594
2872.809842 91.139 -90.7068
2893.627406 91.203 -90.9688
2914.595823 91.263 -91.2442
2935.716186 91.319 -91.5329
2956.989596 91.372 -91.8340
2978.417161 91.420 -92.1457
3000.000000 91.464 -92.4656
3021.739237 91.504 -92.7925
3043.636005 91.540 -93.1263
3065.691446 91.571 -93.4670
3087.906710 91.597 -93.8126
3110.282955 91.618 -94.1600
3132.821347 91.635 -94.5072
3155.523062 91.647 -94.8538
3178.389283 91.654 -95.1975
3201.421202 91.657 -95.5351
3224.620020 91.655 -95.8648
3247.986946 91.648 -96.1864
3271.523198 91.637 -96.4987
3295.230004 91.622 -96.8000
3319.108599 91.602 -97.0887
3343.160228 91.579 -97.3627
3367.386145 91.552 -97.6206
3391.787613 91.521 -97.8617
3416.365904 91.488 -98.0852
3441.122300 91.451 -98.2901
3466.058091 91.411 -98.4763
3491.174576 91.369 -98.6438
3516.473066 91.325 -98.7922
3541.954880 91.279 -98.9217
3567.621345 91.231 -99.0328
3593.473800 91.181 -99.1267
3619.513592 91.130 -99.2045
3645.742080 91.077 -99.2670
3672.160630 91.024 -99.3142
3698.770620 90.969 -99.3464
3725.573436 90.913 -99.3656
3752.570477 90.857 -99.3740
3779.763150 90.800 -99.3730
3807.152872 90.741 -99.3635
3834.741071 90.682 -99.3475
3862.529185 90.621 -99.3267
3890.518664 90.559 -99.3023
3918.710966 90.496 -99.2743
3947.107561 90.430 -99.2430
3975.709929 90.362 -99.2097
4004.519563 90.292 -99.1755
4033.537962 90.219 -99.1404
4062.766641 90.142 -99.1039
4092.207123 90.062 -99.0660
4121.860942 89.978 -99.0259
4151.729646 89.889 -98.9814
4181.814790 89.795 -98.9293
4212.117944 89.696 -98.8657
4242.640687 89.591 -98.7867
4273.384610 89.480 -98.6884
4304.351317 89.363 -98.5667
4335.542421 89.240 -98.4168
4366.959549 89.111 -98.2342
4398.604338 88.977 -98.0143
4430.478438 88.837 -97.7518
4462.583511 88.692 -97.4418
4494.921231 88.543 -97.0797
4527.493283 88.390 -96.6613
4560.301365 88.235 -96.1838
4593.347189 88.079 -95.6457
4626.632476 87.921 -95.0451
4660.158962 87.765 -94.3821
4693.928395 87.609 -93.6594
4727.942535 87.456 -92.8814
4762.203156 87.306 -92.0522
4796.712043 87.160 -91.1749
4831.470996 87.019 -90.2538
4866.481826 86.882 -89.2947
4901.746360 86.750 -88.3035
4937.266434 86.623 -87.2871
4973.043902 86.502 -86.2518
5009.080628 86.386 -85.2028
5045.378492 86.275 -84.1454
5081.939384 86.168 -83.0832
5118.765212 86.065 -82.0193
5155.857894 85.965 -80.9565
5193.219366 85.868 -79.8967
5230.851574 85.773 -78.8408
5268.756481 85.681 -77.7900
5306.936062 85.588 -76.7437
5345.392309 85.496 -75.7010
5384.127225 85.403 -74.6611
5423.142830 85.310 -73.6220
5462.441159 85.216 -72.5801
5502.024259 85.121 -71.5319
5541.894195 85.025 -70.4753
5582.053045 84.927 -69.4085
5622.502902 84.828 -68.3289
5663.245876 84.728 -67.2335
5704.284090 84.627 -66.1197
5745.619684 84.524 -64.9854
5787.254813 84.421 -63.8277
5829.191647 84.317 -62.6438
5871.432373 84.213 -61.4308
5913.979192 84.110 -60.1853
5956.834323 84.007 -58.9061
6000.000000 83.905 -57.5925
6043.478473 83.805 -56.2443
6087.272010 83.707 -54.8615
6131.382892 83.612 -53.4435
6175.813420 83.521 -51.9902
6220.565910 83.434 -50.5030
6265.642695 83.351 -48.9827
6311.046124 83.275 -47.4303
6356.778566 83.204 -45.8483
6402.842404 83.140 -44.2405
6449.240040 83.084 -42.6106
6495.973891 83.036 -40.9616
6543.046396 82.997 -39.2974
6590.460007 82.966 -37.6228
6638.217197 82.944 -35.9429
6686.320456 82.932 -34.2644
6734.772290 82.930 -32.5930
6783.575226 82.938 -30.9331
6832.731809 82.956 -29.2905
6882.244600 82.985 -27.6722
6932.116181 83.023 -26.0854
6982.349153 83.073 -24.5382
7032.946133 83.132 -23.0394
7083.909760 83.201 -21.5969
7135.242690 83.280 -20.2179
7186.947600 83.367 -18.9109
7239.027185 83.462 -17.6865
7291.484160 83.564 -16.5576
7344.321260 83.671 -15.5348
7397.541239 83.781 -14.6276
7451.146872 83.893 -13.8440
7505.140954 84.002 -13.1907
7559.526299 84.107 -12.6728
7614.305743 84.202 -12.2899
7669.482141 84.284 -12.0337
7725.058371 84.351 -11.8915
7781.037328 84.399 -11.8517
7837.421932 84.426 -11.9014
7894.215122 84.428 -12.0202
7951.419859 84.402 -12.1810
8009.039125 84.346 -12.3520
8067.075924 84.260 -12.4973
8125.533282 84.142 -12.5796
8184.414245 83.995 -12.5634
8243.721885 83.820 -12.4147
8303.459292 83.621 -12.1018
8363.629581 83.402 -11.5940
8424.235888 83.166 -10.8634
8485.281374 82.921 -9.8867
8546.769221 82.672 -8.6472
8608.702634 82.428 -7.1357
8671.084842 82.196 -5.3552
8733.919097 81.987 -3.3265
8797.208675 81.808 -1.0903
8860.956876 81.666 1.2960
8925.167022 81.565 3.7629
8989.842461 81.505 6.2291
9054.986566 81.483 8.6063
9120.602731 81.488 10.8198
9186.694378 81.504 12.8427
9253.264952 81.515 14.7215
9320.317925 81.514 16.5613
9387.856790 81.506 18.4696
9455.885071 81.501 20.5051
9524.406312 81.515 22.6642
9593.424086 81.558 24.9000
9662.941992 81.636 27.1478
9732.963653 81.751 29.3379
9803.492719 81.904 31.4025
9874.532869 82.091 33.2778
9946.087805 82.310 34.9073
10018.161257 82.552 36.2413
10090.756983 82.811 37.2388
10163.878768 83.076 37.8705
10237.530423 83.337 38.1215
10311.715789 83.583 37.9937
10386.438732 83.804 37.5063
10461.703149 83.989 36.6960
10537.512962 84.134 35.6131
10613.872125 84.232 34.3155
10690.784618 84.284 32.8608
10768.254450 84.289 31.2952
10846.285661 84.251 29.6525
10924.882318 84.171 27.9569
11004.048518 84.052 26.2249
11083.788390 83.895 24.4675
11164.106090 83.700 22.6931
11245.005805 83.466 20.9157
11326.491752 83.192 19.1602
11408.568180 82.877 17.4621
11491.239368 82.521 15.8654
11574.509626 82.127 14.4188
11658.383294 81.700 13.1695
11742.864745 81.247 12.1566
11827.958384 80.778 11.4069
11913.668646 80.302 10.9310
12000.000000 79.833 10.7192
12086.956947 79.379 10.7430
12174.544019 78.947 10.9607
12262.765784 78.543 11.3259
12351.626840 78.168 11.7948
12441.131819 77.823 12.3330
12531.285389 77.508 12.9180
12622.092249 77.224 13.5339
12713.557132 76.973 14.1588
12805.684808 76.755 14.7608
12898.480079 76.569 15.3024
12991.947783 76.410 15.7533
13086.092792 76.275 16.0982
13180.920015 76.156 16.3320
13276.434395 76.047 16.4550
13372.640911 75.944 16.4803
13469.544580 75.840 16.4343
13567.150452 75.735 16.3527
13665.463617 75.627 16.2719
13764.489200 75.515 16.2210
13864.232362 75.402 16.2229
13964.698305 75.291 16.2982
14065.892266 75.185 16.4638
14167.819519 75.088 16.7277
14270.485380 75.006 17.0847
14373.895200 74.943 17.5178
14478.054370 74.904 18.0028
14582.968320 74.893 18.5104
14688.642520 74.915 19.0067
14795.082478 74.973 19.4486
14902.293745 75.070 19.7810
15010.281908 75.208 19.9392
15119.052599 75.388 19.8526
15228.611486 75.607 19.4489
15338.964283 75.862 18.6572
15450.116741 76.150 17.4029
15562.074656 76.464 15.6012
15674.843864 76.793 13.1611
15788.430244 77.122 10.0064
15902.839718 77.430 6.1012
16018.078250 77.699 1.4581
16134.151848 77.914 -3.8858
16251.066563 78.065 -9.8926
16368.828491 78.141 -16.5290
16487.443769 78.132 -23.7528
16606.918584 78.023 -31.4793
16727.259161 77.806 -39.5668
16848.471777 77.489 -47.8461
16970.562748 77.106 -56.1994
17093.538442 76.710 -64.6535
17217.405268 76.351 -73.4165
17342.169684 76.049 -82.7978
17467.838194 75.785 -93.0446
17594.417350 75.521 -104.2432
17721.913751 75.225 -116.3355
17850.334044 74.891 -129.1982
17979.684923 74.531 -142.7260
18109.973131 74.171 -156.8713
18241.205462 73.830 -171.6321
18373.388756 73.523 172.9605
18506.529905 73.245 156.8641
18640.635849 72.976 140.0640
18775.713581 72.686 122.5953
18911.770141 72.343 104.5551
19048.812624 71.930 86.0724
19186.848172 71.445 67.2328
19325.883983 70.896 48.0165
19465.927305 70.287 28.3401
19606.985439 69.624 8.1610
19749.065738 68.943 -12.1587
19892.175609 68.345 -30.6653
20036.322514 67.998 -42.0980
