* Measurement data measured by REW V5.31.3
* Source: Headset (USB-C to 3.5mm Headphone Jack Adapter), MICROPHONE (Master Volume), R, volume: 0.250. Timing signal peak level -31.7 dBFS, measurement signal peak level -26.7 dBFS
* Format: 256k Log Swept Sine, 1 sweep at -12.0 dBFS using an acoustic timing reference
* Dated: Dec 6, 2025 4:02:03 AM
* REW Settings:
*  C-weighting compensation: Off
*  Target level: 75.0 dB
* Note: stock tips; s&s tips Delay -0.0893 ms (-31 mm, -1.21 in) using estimated IR delay relative to Acoustic reference played from  L with no timing offset Clock adjustment: 1.0 ppm
* Measurement: Dunu x Koto Ito L
* Smoothing: 1/24 octave
* Frequency Step: 96 ppo
* Start Frequency: 0.36621094 Hz
*
* Freq(Hz) SPL(dB) Phase(degrees)
0.366211 40.568 159.4730
0.368865 40.567 159.4493
0.371538 40.565 159.4145
0.374230 40.562 159.3742
0.376942 40.560 159.3310
0.379673 40.557 159.2858
0.382424 40.555 159.2388
0.385196 40.552 159.1902
0.387987 40.550 159.1400
0.390798 40.547 159.0881
0.393630 40.545 159.0345
0.396483 40.542 158.9792
0.399356 40.540 158.9222
0.402250 40.537 158.8636
0.405165 40.534 158.8031
0.408101 40.532 158.7410
0.411058 40.529 158.6770
0.414037 40.526 158.6113
0.417037 40.524 158.5439
0.420059 40.521 158.4746
0.423103 40.518 158.4035
0.426169 40.515 158.3305
0.429257 40.513 158.2558
0.432368 40.510 158.1791
0.435501 40.507 158.1007
0.438656 40.504 158.0203
0.441835 40.501 157.9381
0.445037 40.498 157.8540
0.448262 40.495 157.7679
0.451510 40.492 157.6800
0.454782 40.489 157.5902
0.458077 40.486 157.4984
0.461397 40.483 157.4047
0.464740 40.480 157.3091
0.468108 40.477 157.2115
0.471500 40.474 157.1120
0.474917 40.471 157.0105
0.478358 40.468 156.9071
0.481825 40.465 156.8018
0.485316 40.462 156.6945
0.488833 40.459 156.5852
0.492375 40.455 156.4741
0.495943 40.452 156.3609
0.499537 40.449 156.2459
0.503157 40.446 156.1289
0.506803 40.442 156.0101
0.510475 40.439 155.8893
0.514175 40.436 155.7666
0.517900 40.432 155.6421
0.521653 40.429 155.5156
0.525434 40.425 155.3874
0.529241 40.422 155.2573
0.533076 40.419 155.1254
0.536939 40.415 154.9918
0.540830 40.412 154.8564
0.544749 40.408 154.7192
0.548696 40.404 154.5804
0.552673 40.401 154.4399
0.556677 40.397 154.2978
0.560711 40.394 154.1541
0.564774 40.390 154.0089
0.568867 40.386 153.8621
0.572989 40.382 153.7139
0.577141 40.379 153.5643
0.581324 40.375 153.4134
0.585536 40.371 153.2612
0.589779 40.367 153.1077
0.594053 40.363 152.9531
0.598358 40.359 152.7974
0.602694 40.355 152.6407
0.607061 40.352 152.4830
0.611460 40.348 152.3245
0.615891 40.344 152.1652
0.620354 40.340 152.0052
0.624849 40.335 151.8447
0.629377 40.331 151.6836
0.633938 40.327 151.5221
0.638532 40.323 151.3603
0.643159 40.319 151.1984
0.647819 40.315 151.0364
0.652514 40.310 150.8745
0.657242 40.306 150.7128
0.662005 40.302 150.5514
0.666802 40.297 150.3905
0.671634 40.293 150.2303
0.676501 40.289 150.0708
0.681403 40.284 149.9122
0.686341 40.280 149.7547
0.691314 40.275 149.5985
0.696324 40.271 149.4438
0.701370 40.266 149.2906
0.706452 40.262 149.1393
0.711571 40.257 148.9900
0.716728 40.252 148.8428
0.721921 40.248 148.6980
0.727153 40.244 148.5556
0.732422 40.242 148.4154
0.737729 40.242 148.2768
0.743075 40.243 148.1392
0.748460 40.245 148.0022
0.753883 40.247 147.8656
0.759346 40.250 147.7295
0.764849 40.252 147.5938
0.770391 40.254 147.4584
0.775974 40.257 147.3234
0.781597 40.259 147.1888
0.787261 40.262 147.0545
0.792966 40.265 146.9205
0.798712 40.267 146.7870
0.804500 40.270 146.6537
0.810329 40.273 146.5208
0.816201 40.277 146.3882
0.822116 40.280 146.2560
0.828073 40.284 146.1241
0.834074 40.288 145.9925
0.840118 40.292 145.8613
0.846206 40.296 145.7304
0.852338 40.301 145.5998
0.858514 40.306 145.4696
0.864735 40.311 145.3398
0.871001 40.317 145.2103
0.877313 40.323 145.0812
0.883670 40.329 144.9525
0.890074 40.336 144.8242
0.896524 40.343 144.6963
0.903020 40.351 144.5688
0.909564 40.360 144.4418
0.916155 40.368 144.3152
0.922794 40.378 144.1891
0.929481 40.388 144.0635
0.936216 40.399 143.9384
0.943000 40.410 143.8138
0.949834 40.422 143.6899
0.956717 40.435 143.5665
0.963649 40.449 143.4438
0.970632 40.464 143.3217
0.977666 40.479 143.2004
0.984750 40.496 143.0798
0.991886 40.513 142.9599
0.999074 40.532 142.8409
1.006314 40.551 142.7227
1.013606 40.572 142.6055
1.020951 40.594 142.4892
1.028349 40.617 142.3738
1.035801 40.641 142.2596
1.043307 40.667 142.1464
1.050867 40.694 142.0344
1.058482 40.722 141.9236
1.066152 40.752 141.8141
1.073878 40.784 141.7059
1.081660 40.817 141.5994
1.089498 40.852 141.4950
1.097393 40.888 141.3939
1.105345 40.927 141.2982
1.113355 40.967 141.2101
1.121423 41.009 141.1308
1.129549 41.052 141.0604
1.137734 41.098 140.9985
1.145979 41.145 140.9448
1.154283 41.193 140.8986
1.162647 41.244 140.8594
1.171072 41.296 140.8265
1.179558 41.350 140.7994
1.188106 41.406 140.7774
1.196715 41.463 140.7599
1.205387 41.522 140.7461
1.214122 41.583 140.7355
1.222920 41.645 140.7273
1.231782 41.710 140.7208
1.240708 41.776 140.7154
1.249699 41.843 140.7102
1.258754 41.913 140.7045
1.267876 41.984 140.6976
1.277063 42.057 140.6888
1.286318 42.131 140.6773
1.295639 42.207 140.6622
1.305027 42.285 140.6429
1.314484 42.364 140.6186
1.324009 42.445 140.5884
1.333604 42.528 140.5517
1.343268 42.612 140.5076
1.353002 42.698 140.4554
1.362806 42.785 140.3943
1.372681 42.873 140.3236
1.382628 42.964 140.2426
1.392647 43.055 140.1504
1.402739 43.148 140.0464
1.412904 43.243 139.9300
1.423142 43.339 139.8004
1.433455 43.436 139.6572
1.443843 43.534 139.5003
1.454305 43.634 139.3304
1.464844 43.735 139.1503
1.475459 43.839 138.9655
1.486150 43.945 138.7813
1.496920 44.054 138.5999
1.507767 44.165 138.4218
1.518693 44.280 138.2463
1.529698 44.397 138.0727
1.540783 44.516 137.8998
1.551948 44.638 137.7267
1.563194 44.763 137.5524
1.574521 44.890 137.3758
1.585931 45.020 137.1960
1.597423 45.151 137.0120
1.608999 45.285 136.8229
1.620658 45.421 136.6276
1.632402 45.559 136.4253
1.644232 45.699 136.2151
1.656146 45.840 135.9961
1.668147 45.983 135.7674
1.680235 46.128 135.5281
1.692411 46.274 135.2776
1.704675 46.422 135.0148
1.717028 46.570 134.7392
1.729470 46.719 134.4500
1.742003 46.870 134.1463
1.754626 47.021 133.8277
1.767341 47.172 133.4933
1.780147 47.324 133.1426
1.793047 47.476 132.7752
1.806040 47.628 132.3911
1.819128 47.780 131.9911
1.832310 47.932 131.5783
1.845587 48.085 131.1581
1.858961 48.239 130.7355
1.872432 48.395 130.3127
1.886001 48.552 129.8900
1.899667 48.711 129.4673
1.913433 48.871 129.0437
1.927299 49.032 128.6185
1.941265 49.195 128.1911
1.955332 49.359 127.7606
1.969501 49.524 127.3263
1.983773 49.691 126.8873
1.998148 49.858 126.4430
2.012627 50.027 125.9925
2.027212 50.196 125.5351
2.041902 50.366 125.0701
2.056698 50.537 124.5966
2.071602 50.708 124.1141
2.086614 50.880 123.6216
2.101734 51.052 123.1187
2.116964 51.224 122.6044
2.132304 51.397 122.0781
2.147756 51.570 121.5393
2.163320 51.742 120.9875
2.178996 51.915 120.4229
2.194786 52.087 119.8470
2.210690 52.260 119.2633
2.226710 52.433 118.6757
2.242845 52.606 118.0865
2.259098 52.779 117.4966
2.275468 52.953 116.9060
2.291957 53.127 116.3143
2.308566 53.302 115.7213
2.325295 53.477 115.1265
2.342145 53.652 114.5296
2.359117 53.828 113.9299
2.376212 54.003 113.3271
2.393431 54.180 112.7205
2.410775 54.356 112.1097
2.428244 54.532 111.4941
2.445840 54.709 110.8731
2.463564 54.885 110.2461
2.481416 55.062 109.6126
2.499397 55.239 108.9720
2.517509 55.415 108.3236
2.535752 55.592 107.6674
2.554127 55.769 107.0035
2.572635 55.945 106.3335
2.591277 56.121 105.6596
2.610055 56.298 104.9839
2.628968 56.474 104.3071
2.648019 56.649 103.6295
2.667208 56.825 102.9513
2.686535 57.001 102.2724
2.706003 57.176 101.5926
2.725612 57.351 100.9119
2.745363 57.527 100.2299
2.765257 57.702 99.5465
2.785295 57.877 98.8613
2.805478 58.052 98.1740
2.825808 58.226 97.4843
2.846285 58.401 96.7918
2.866910 58.576 96.0962
2.887685 58.751 95.3970
2.908611 58.925 94.6941
2.929688 59.100 93.9879
2.950917 59.274 93.2793
2.972301 59.448 92.5695
2.993839 59.622 91.8592
3.015534 59.795 91.1488
3.037386 59.968 90.4385
3.059396 60.140 89.7283
3.081565 60.312 89.0181
3.103896 60.484 88.3080
3.126388 60.656 87.5977
3.149043 60.827 86.8873
3.171862 60.998 86.1765
3.194847 61.170 85.4650
3.217998 61.341 84.7528
3.241317 61.512 84.0395
3.264805 61.683 83.3250
3.288463 61.854 82.6093
3.312293 62.024 81.8928
3.336295 62.195 81.1762
3.360471 62.365 80.4600
3.384822 62.534 79.7444
3.409350 62.703 79.0296
3.434056 62.872 78.3155
3.458940 63.041 77.6021
3.484005 63.209 76.8894
3.509252 63.377 76.1772
3.534681 63.545 75.4655
3.560295 63.712 74.7540
3.586094 63.880 74.0425
3.612081 64.047 73.3310
3.638255 64.215 72.6193
3.664620 64.383 71.9076
3.691175 64.550 71.1964
3.717923 64.717 70.4860
3.744864 64.884 69.7769
3.772001 65.050 69.0689
3.799335 65.216 68.3620
3.826866 65.382 67.6561
3.854597 65.547 66.9509
3.882529 65.713 66.2464
3.910664 65.878 65.5422
3.939002 66.043 64.8382
3.967546 66.208 64.1341
3.996296 66.373 63.4298
4.025255 66.538 62.7253
4.054423 66.703 62.0212
4.083804 66.867 61.3178
4.113396 67.032 60.6155
4.143204 67.196 59.9142
4.173227 67.359 59.2139
4.203468 67.523 58.5144
4.233928 67.686 57.8154
4.264609 67.849 57.1167
4.295512 68.012 56.4179
4.326639 68.175 55.7189
4.357992 68.338 55.0194
4.389572 68.500 54.3193
4.421380 68.663 53.6189
4.453419 68.825 52.9187
4.485691 68.987 52.2189
4.518196 69.148 51.5197
4.550936 69.309 50.8209
4.583914 69.470 50.1226
4.617131 69.631 49.4246
4.650589 69.791 48.7266
4.684289 69.951 48.0285
4.718233 70.111 47.3301
4.752424 70.271 46.6312
4.786862 70.430 45.9317
4.821549 70.589 45.2320
4.856488 70.747 44.5321
4.891680 70.905 43.8324
4.927127 71.063 43.1329
4.962831 71.220 42.4339
4.998794 71.377 41.7354
5.035017 71.533 41.0374
5.071503 71.689 40.3398
5.108253 71.845 39.6425
5.145270 72.000 38.9453
5.182555 72.155 38.2479
5.220110 72.309 37.5505
5.257937 72.462 36.8532
5.296038 72.615 36.1564
5.334415 72.768 35.4605
5.373071 72.920 34.7657
5.412006 73.072 34.0722
5.451224 73.223 33.3800
5.490725 73.374 32.6891
5.530514 73.524 31.9991
5.570590 73.674 31.3098
5.610957 73.823 30.6211
5.651616 73.972 29.9333
5.692570 74.120 29.2468
5.733821 74.268 28.5618
5.775370 74.415 27.8787
5.817221 74.562 27.1975
5.859375 74.708 26.5183
5.901834 74.854 25.8408
5.944602 75.000 25.1648
5.987679 75.145 24.4900
6.031068 75.289 23.8168
6.074771 75.434 23.1450
6.118792 75.577 22.4748
6.163131 75.721 21.8064
6.207792 75.864 21.1397
6.252776 76.007 20.4748
6.298086 76.150 19.8114
6.343725 76.292 19.1496
6.389694 76.434 18.4890
6.435996 76.576 17.8296
6.482634 76.717 17.1711
6.529610 76.858 16.5134
6.576926 76.999 15.8563
6.624585 77.140 15.1999
6.672590 77.280 14.5444
6.720942 77.421 13.8895
6.769645 77.561 13.2350
6.818700 77.700 12.5807
6.868111 77.839 11.9261
6.917881 77.979 11.2710
6.968010 78.117 10.6153
7.018504 78.256 9.9588
7.069362 78.394 9.3018
7.120590 78.532 8.6443
7.172189 78.669 7.9860
7.224161 78.806 7.3269
7.276511 78.943 6.6665
7.329239 79.079 6.0047
7.382350 79.215 5.3414
7.435845 79.350 4.6765
7.489729 79.485 4.0103
7.544002 79.619 3.3430
7.598669 79.752 2.6748
7.653732 79.885 2.0057
7.709194 80.017 1.3355
7.765058 80.148 0.6637
7.821327 80.279 -0.0095
7.878004 80.409 -0.6837
7.935091 80.538 -1.3583
7.992592 80.667 -2.0328
8.050510 80.794 -2.7072
8.108847 80.921 -3.3817
8.167607 81.047 -4.0567
8.226793 81.172 -4.7319
8.286408 81.296 -5.4067
8.346454 81.420 -6.0806
8.406936 81.543 -6.7530
8.467856 81.665 -7.4241
8.529218 81.787 -8.0944
8.591024 81.907 -8.7639
8.653278 82.027 -9.4323
8.715983 82.147 -10.0992
8.779143 82.266 -10.7644
8.842760 82.384 -11.4279
8.906839 82.502 -12.0900
8.971381 82.620 -12.7512
9.036392 82.737 -13.4115
9.101873 82.853 -14.0712
9.167829 82.970 -14.7303
9.234263 83.086 -15.3889
9.301178 83.202 -16.0474
9.368578 83.318 -16.7062
9.436467 83.433 -17.3661
9.504847 83.549 -18.0276
9.573723 83.664 -18.6911
9.643099 83.779 -19.3564
9.712976 83.893 -20.0241
9.783361 84.008 -20.6946
9.854255 84.121 -21.3688
9.925663 84.235 -22.0470
9.997588 84.348 -22.7295
10.070035 84.460 -23.4160
10.143007 84.572 -24.1064
10.216507 84.682 -24.8008
10.290540 84.792 -25.4997
10.365109 84.901 -26.2031
10.440219 85.009 -26.9104
10.515873 85.115 -27.6205
10.592076 85.220 -28.3322
10.668830 85.324 -29.0457
10.746141 85.426 -29.7610
10.824012 85.527 -30.4769
10.902447 85.626 -31.1912
10.981451 85.724 -31.9023
11.061027 85.820 -32.6099
11.141180 85.915 -33.3139
11.221913 86.008 -34.0129
11.303232 86.100 -34.7047
11.385140 86.192 -35.3879
11.467641 86.282 -36.0626
11.550741 86.372 -36.7290
11.634442 86.462 -37.3866
11.718750 86.552 -38.0347
11.803669 86.642 -38.6732
11.889203 86.733 -39.3029
11.975357 86.825 -39.9259
12.062136 86.918 -40.5441
12.149543 87.012 -41.1584
12.237583 87.108 -41.7695
12.326262 87.206 -42.3809
12.415583 87.305 -42.9966
12.505552 87.406 -43.6189
12.596172 87.509 -44.2488
12.687449 87.613 -44.8885
12.779387 87.717 -45.5418
12.871992 87.823 -46.2112
12.965268 87.928 -46.8968
13.059220 88.033 -47.5985
13.153852 88.137 -48.3166
13.249170 88.240 -49.0516
13.345179 88.340 -49.8024
13.441884 88.438 -50.5652
13.539289 88.532 -51.3362
13.637401 88.624 -52.1135
13.736223 88.711 -52.8942
13.835761 88.795 -53.6721
13.936021 88.876 -54.4413
14.037007 88.953 -55.1992
14.138725 89.027 -55.9427
14.241180 89.099 -56.6667
14.344377 89.169 -57.3672
14.448323 89.239 -58.0437
14.553021 89.308 -58.6970
14.658478 89.379 -59.3278
14.764700 89.452 -59.9368
14.871691 89.528 -60.5290
14.979457 89.608 -61.1121
15.088005 89.692 -61.6922
15.197339 89.779 -62.2741
15.307465 89.871 -62.8673
15.418389 89.966 -63.4811
15.530117 90.064 -64.1200
15.642655 90.163 -64.7880
15.756008 90.262 -65.4901
15.870182 90.359 -66.2284
15.985184 90.454 -66.9998
16.101019 90.544 -67.7994
16.217694 90.629 -68.6231
16.335214 90.706 -69.4634
16.453586 90.776 -70.3074
16.572815 90.839 -71.1442
16.692909 90.893 -71.9656
16.813872 90.941 -72.7576
16.935713 90.983 -73.5084
17.058436 91.021 -74.2127
17.182048 91.057 -74.8647
17.306556 91.094 -75.4601
17.431967 91.133 -76.0019
17.558286 91.178 -76.4986
17.685521 91.229 -76.9592
17.813677 91.289 -77.3962
17.942762 91.359 -77.8296
18.072783 91.437 -78.2755
18.203746 91.524 -78.7488
18.335658 91.617 -79.2672
18.468526 91.715 -79.8408
18.602356 91.814 -80.4742
18.737156 91.912 -81.1701
18.872934 92.005 -81.9256
19.009695 92.093 -82.7300
19.147447 92.172 -83.5714
19.286197 92.242 -84.4371
19.425953 92.302 -85.3082
19.566721 92.353 -86.1701
19.708510 92.395 -87.0091
19.851326 92.432 -87.8113
19.995177 92.464 -88.5704
20.140070 92.494 -89.2835
20.286013 92.525 -89.9510
20.433014 92.559 -90.5803
20.581080 92.597 -91.1825
20.730219 92.641 -91.7683
20.880439 92.690 -92.3526
21.031747 92.744 -92.9479
21.184152 92.801 -93.5631
21.337661 92.860 -94.2054
21.492282 92.918 -94.8760
21.648024 92.975 -95.5718
21.804895 93.028 -96.2879
21.962902 93.078 -97.0149
22.122054 93.123 -97.7431
22.282360 93.164 -98.4638
22.443827 93.202 -99.1688
22.606464 93.238 -99.8539
22.770280 93.273 -100.5175
22.935283 93.310 -101.1610
23.101481 93.348 -101.7896
23.268884 93.389 -102.4091
23.437500 93.432 -103.0267
23.607338 93.477 -103.6488
23.778406 93.523 -104.2796
23.950714 93.569 -104.9217
24.124271 93.615 -105.5743
24.299086 93.660 -106.2350
24.475167 93.702 -106.8999
24.652524 93.743 -107.5644
24.831166 93.782 -108.2247
25.011103 93.819 -108.8778
25.192344 93.857 -109.5230
25.374898 93.893 -110.1611
25.558775 93.931 -110.7941
25.743984 93.968 -111.4255
25.930536 94.006 -112.0580
26.118439 94.044 -112.6945
26.307704 94.081 -113.3361
26.498341 94.117 -113.9825
26.690359 94.151 -114.6322
26.883768 94.183 -115.2825
27.078579 94.213 -115.9304
27.274801 94.241 -116.5726
27.472446 94.268 -117.2068
27.671522 94.294 -117.8315
27.872042 94.319 -118.4466
28.074014 94.343 -119.0527
28.277450 94.368 -119.6518
28.482360 94.394 -120.2464
28.688755 94.420 -120.8394
28.896645 94.446 -121.4333
29.106042 94.473 -122.0308
29.316957 94.499 -122.6330
29.529400 94.525 -123.2408
29.743382 94.550 -123.8535
29.958915 94.575 -124.4697
30.176009 94.597 -125.0871
30.394677 94.619 -125.7034
30.614929 94.639 -126.3162
30.836778 94.658 -126.9240
31.060234 94.677 -127.5263
31.285309 94.695 -128.1236
31.512015 94.714 -128.7171
31.740364 94.733 -129.3085
31.970368 94.752 -129.8990
32.202039 94.770 -130.4890
32.435388 94.788 -131.0781
32.670428 94.806 -131.6651
32.907171 94.823 -132.2487
33.145630 94.840 -132.8279
33.385817 94.857 -133.4031
33.627745 94.874 -133.9754
33.871425 94.891 -134.5469
34.116871 94.908 -135.1194
34.364096 94.926 -135.6941
34.613113 94.942 -136.2707
34.863934 94.958 -136.8478
35.116572 94.972 -137.4235
35.371041 94.986 -137.9965
35.627354 94.999 -138.5667
35.885525 95.013 -139.1359
36.145566 95.025 -139.7067
36.407492 95.038 -140.2814
36.671316 95.049 -140.8603
36.937051 95.059 -141.4413
37.204712 95.066 -142.0195
37.474313 95.071 -142.5894
37.745867 95.075 -143.1473
38.019389 95.080 -143.6924
38.294893 95.085 -144.2287
38.572394 95.092 -144.7630
38.851905 95.101 -145.3027
39.133442 95.109 -145.8526
39.417019 95.117 -146.4133
39.702651 95.123 -146.9806
39.990353 95.128 -147.5486
40.280140 95.130 -148.1121
40.572026 95.132 -148.6694
40.866028 95.134 -149.2234
41.162160 95.137 -149.7784
41.460438 95.138 -150.3379
41.760877 95.138 -150.9008
42.063494 95.135 -151.4615
42.368303 95.130 -152.0110
42.675322 95.123 -152.5424
42.984565 95.117 -153.0536
43.296048 95.112 -153.5491
43.609789 95.109 -154.0376
43.925804 95.109 -154.5294
44.244108 95.111 -155.0315
44.564719 95.112 -155.5460
44.887654 95.112 -156.0707
45.212928 95.111 -156.6007
45.540560 95.109 -157.1308
45.870565 95.105 -157.6566
46.202962 95.100 -158.1752
46.537768 95.095 -158.6861
46.875000 95.091 -159.1917
47.214676 95.087 -159.6960
47.556813 95.083 -160.2025
47.901429 95.078 -160.7103
48.248542 95.072 -161.2137
48.598171 95.064 -161.7051
48.950334 95.055 -162.1808
49.305048 95.048 -162.6450
49.662333 95.041 -163.1071
50.022206 95.034 -163.5732
50.384688 95.024 -164.0376
50.749796 95.012 -164.4836
51.117550 94.998 -164.8957
51.487969 94.988 -165.2773
51.861072 94.986 -165.6587
52.236879 94.991 -166.0850
52.615409 94.997 -166.5889
52.996681 94.995 -167.1673
53.380717 94.980 -167.7793
53.767536 94.951 -168.3699
54.157158 94.915 -168.9006
54.549603 94.881 -169.3687
54.944892 94.852 -169.8020
55.343045 94.830 -170.2361
55.744084 94.811 -170.6927
56.148028 94.793 -171.1723
56.554900 94.775 -171.6615
56.964720 94.755 -172.1442
57.377510 94.737 -172.6110
57.793291 94.723 -173.0654
58.212085 94.713 -173.5258
58.633914 94.707 -174.0181
59.058799 94.700 -174.5571
59.486764 94.683 -175.1269
59.917829 94.655 -175.6806
60.352019 94.617 -176.1662
60.789354 94.578 -176.5632
61.229859 94.545 -176.8970
61.673556 94.520 -177.2187
62.120468 94.499 -177.5657
62.570618 94.477 -177.9422
63.024031 94.452 -178.3329
63.480729 94.426 -178.7295
63.940736 94.400 -179.1394
64.404077 94.373 -179.5705
64.870776 94.342 179.9841
65.340856 94.309 179.5422
65.814343 94.275 179.1160
66.291261 94.243 178.7021
66.771635 94.214 178.2895
67.255489 94.187 177.8719
67.742850 94.161 177.4513
68.233743 94.135 177.0312
68.728193 94.108 176.6135
69.226226 94.079 176.2030
69.727867 94.047 175.8100
70.233144 94.012 175.4437
70.742083 93.977 175.1023
71.254709 93.942 174.7756
71.771050 93.906 174.4544
72.291132 93.870 174.1322
72.814984 93.833 173.7957
73.342631 93.795 173.4275
73.874102 93.751 173.0336
74.409424 93.697 172.6614
74.948626 93.641 172.3650
75.491734 93.595 172.1387
76.038779 93.567 171.8995
76.589787 93.551 171.5571
77.144788 93.531 171.1023
77.703811 93.500 170.6085
78.266885 93.460 170.1524
78.834039 93.420 169.7516
79.405303 93.386 169.3718
79.980706 93.354 168.9743
80.560280 93.321 168.5484
81.144053 93.282 168.1122
81.732056 93.236 167.6967
82.324320 93.185 167.3293
82.920876 93.134 167.0185
83.521755 93.088 166.7465
84.126988 93.045 166.4792
84.736607 93.005 166.1967
85.350643 92.963 165.9114
85.969129 92.923 165.6380
86.592097 92.886 165.3483
87.219579 92.852 164.9930
87.851608 92.809 164.5768
88.488217 92.754 164.1656
89.129439 92.694 163.8008
89.775308 92.634 163.4671
90.425856 92.570 163.1628
91.081119 92.503 162.9368
91.741131 92.440 162.8119
92.405925 92.387 162.7381
93.075536 92.338 162.6710
93.750000 92.286 162.6385
94.429351 92.235 162.6700
95.113625 92.194 162.6956
95.802858 92.154 162.5968
96.497085 92.097 162.3557
97.196342 92.017 162.0726
97.900667 91.921 161.8237
98.610096 91.822 161.5943
99.324665 91.721 161.3787
100.044413 91.626 161.2147
100.769376 91.546 161.0981
101.499592 91.481 161.0040
102.235100 91.432 160.9567
102.975938 91.403 160.9372
103.722144 91.387 160.8446
104.473757 91.362 160.6581
105.230817 91.316 160.4743
105.993363 91.252 160.3754
106.761435 91.179 160.4026
107.535072 91.111 160.5476
108.314315 91.062 160.6955
109.099206 91.022 160.7606
109.889783 90.985 160.8245
110.686090 90.957 160.9736
111.488167 90.948 161.1943
112.296056 90.958 161.4807
113.109800 90.992 161.7802
113.929440 91.040 161.9392
114.755020 91.080 161.8985
115.586582 91.100 161.7244
116.424170 91.101 161.4541
117.267827 91.088 161.0981
118.117598 91.069 160.6410
118.973527 91.043 160.0474
119.835658 91.000 159.4254
120.704037 90.951 158.9643
121.578708 90.919 158.6772
122.459718 90.907 158.4404
123.347111 90.901 158.1707
124.240935 90.885 157.8617
125.141236 90.849 157.5660
126.048061 90.797 157.3128
126.961458 90.738 157.0635
127.881473 90.676 156.7819
128.808154 90.613 156.4633
129.741551 90.553 156.1262
130.681712 90.497 155.7990
131.628686 90.445 155.5013
132.582521 90.396 155.2518
133.543269 90.349 155.0336
134.510979 90.297 154.8102
135.485701 90.233 154.6133
136.467486 90.163 154.4939
137.456386 90.096 154.4234
138.452451 90.039 154.3275
139.455735 89.988 154.1665
140.466288 89.937 153.9414
141.484165 89.880 153.6951
142.509418 89.815 153.4995
143.542100 89.748 153.3876
144.582265 89.683 153.3380
145.629968 89.620 153.3116
146.685262 89.558 153.2778
147.748204 89.493 153.2165
148.818849 89.422 153.1375
149.897251 89.344 153.0903
150.983469 89.268 153.1209
152.077557 89.204 153.1878
153.179574 89.149 153.1960
154.289576 89.093 153.1370
155.407622 89.029 153.0583
156.533770 88.959 152.9995
157.668078 88.885 152.9976
158.810606 88.817 153.0522
159.961413 88.760 153.0966
161.120559 88.710 153.0758
162.288105 88.660 153.0098
163.464112 88.607 152.9600
164.648640 88.553 152.9627
165.841752 88.500 153.0063
167.043510 88.448 153.0632
168.253976 88.396 153.1151
169.473213 88.341 153.1506
170.701286 88.281 153.1635
171.938258 88.217 153.1772
173.184194 88.152 153.2237
174.439158 88.091 153.2916
175.703216 88.036 153.3533
176.976434 87.985 153.4147
178.258878 87.937 153.4789
179.550615 87.886 153.5228
180.851713 87.825 153.5709
182.162239 87.757 153.6783
183.482262 87.686 153.8271
184.811850 87.618 153.9800
186.151073 87.551 154.1280
187.500000 87.488 154.2621
188.858702 87.426 154.3825
190.227250 87.364 154.5017
191.605715 87.304 154.6288
192.994169 87.248 154.7694
194.392685 87.196 154.9296
195.801334 87.144 155.1278
197.220191 87.087 155.4029
198.649330 87.025 155.7781
200.088825 86.967 156.2119
201.538751 86.921 156.5492
202.999184 86.878 156.6204
204.470200 86.827 156.5156
205.951875 86.770 156.4377
207.444287 86.715 156.4807
208.947514 86.665 156.6368
210.461634 86.616 156.8420
211.986726 86.563 157.0412
213.522869 86.507 157.2203
215.070144 86.452 157.3778
216.628631 86.398 157.5326
218.198411 86.346 157.7116
219.779567 86.295 157.9246
221.372180 86.246 158.1601
222.976334 86.200 158.4129
224.592112 86.157 158.6785
226.219600 86.117 158.9421
227.858880 86.074 159.1979
229.510039 86.024 159.4617
231.173164 85.971 159.7394
232.848340 85.917 160.0158
234.535655 85.867 160.2819
236.235197 85.820 160.5446
237.947054 85.777 160.8126
239.671317 85.736 161.0867
241.408074 85.695 161.3582
243.157416 85.654 161.6229
244.919435 85.613 161.8881
246.694223 85.572 162.1639
248.481871 85.533 162.4513
250.282473 85.495 162.7421
252.096123 85.458 163.0301
253.922915 85.421 163.3171
255.762945 85.384 163.6078
257.616309 85.347 163.9003
259.483103 85.310 164.1923
261.363424 85.273 164.4858
263.257372 85.236 164.7770
265.165043 85.200 165.0626
267.086538 85.165 165.3471
269.021957 85.129 165.6442
270.971401 85.091 165.9721
272.934972 85.053 166.3237
274.912771 85.015 166.6759
276.904902 84.979 167.0194
278.911469 84.944 167.3659
280.932577 84.911 167.7378
282.968330 84.876 168.1498
285.018835 84.842 168.5942
287.084199 84.811 169.0535
289.164530 84.783 169.5195
291.259935 84.761 169.9868
293.370525 84.742 170.4443
295.496408 84.731 170.8805
297.637697 84.729 171.2999
299.794503 84.736 171.7287
301.966937 84.746 172.1776
304.155114 84.757 172.5814
306.359147 84.764 172.8937
308.579152 84.767 173.1461
310.815244 84.767 173.3856
313.067539 84.764 173.6234
315.336156 84.758 173.8476
317.621211 84.753 174.0527
319.922826 84.747 174.2496
322.241118 84.738 174.4683
324.576210 84.725 174.7207
326.928223 84.709 174.9848
329.297280 84.695 175.2401
331.683504 84.682 175.4931
334.087019 84.670 175.7589
336.507952 84.658 176.0395
338.946427 84.646 176.3292
341.402572 84.632 176.6231
343.876516 84.618 176.9188
346.368387 84.606 177.2141
348.878315 84.594 177.5037
351.406431 84.583 177.7841
353.952867 84.571 178.0616
356.517756 84.559 178.3477
359.101230 84.547 178.6413
361.703426 84.536 178.9323
364.324478 84.526 179.2094
366.964523 84.515 179.4717
369.623699 84.505 179.7369
372.302145 84.495 -179.9700
375.000000 84.487 -179.6516
377.717405 84.478 -179.3315
380.454501 84.470 -179.0199
383.211431 84.462 -178.7098
385.988339 84.456 -178.4008
388.785369 84.451 -178.0996
391.602668 84.447 -177.8078
394.440383 84.444 -177.5242
397.298660 84.439 -177.2450
400.177650 84.435 -176.9623
403.077502 84.432 -176.6700
405.998368 84.428 -176.3671
408.940400 84.424 -176.0562
411.903750 84.419 -175.7360
414.888575 84.414 -175.4008
417.895028 84.408 -175.0600
420.923268 84.405 -174.7487
423.973452 84.403 -174.4845
427.045738 84.401 -174.2364
430.140287 84.399 -173.9760
433.257261 84.397 -173.6998
436.396822 84.395 -173.4139
439.559133 84.394 -173.1239
442.744360 84.393 -172.8351
445.952668 84.392 -172.5477
449.184225 84.390 -172.2594
452.439199 84.388 -171.9710
455.717760 84.386 -171.6832
459.020079 84.385 -171.3942
462.346327 84.384 -171.1040
465.696680 84.383 -170.8138
469.071310 84.383 -170.5251
472.470394 84.383 -170.2395
475.894109 84.383 -169.9547
479.342634 84.382 -169.6652
482.816148 84.382 -169.3708
486.314833 84.382 -169.0768
489.838871 84.382 -168.7861
493.388445 84.381 -168.4975
496.963741 84.382 -168.2097
500.564945 84.383 -167.9241
504.192245 84.385 -167.6436
507.845830 84.387 -167.3665
511.525890 84.389 -167.0879
515.232618 84.390 -166.8044
518.966206 84.391 -166.5163
522.726849 84.392 -166.2266
526.514743 84.393 -165.9349
530.330086 84.394 -165.6375
534.173076 84.394 -165.3320
538.043915 84.394 -165.0246
541.942803 84.395 -164.7283
545.869944 84.397 -164.4442
549.825542 84.400 -164.1596
553.809805 84.403 -163.8697
557.822939 84.405 -163.5767
561.865154 84.407 -163.2844
565.936660 84.410 -162.9917
570.037671 84.413 -162.6953
574.168399 84.416 -162.3951
578.329060 84.419 -162.0909
582.519870 84.422 -161.7841
586.741049 84.425 -161.4768
590.992817 84.429 -161.1701
595.275394 84.433 -160.8639
599.589005 84.438 -160.5599
603.933874 84.443 -160.2578
608.310228 84.448 -159.9544
612.718295 84.453 -159.6492
617.158304 84.458 -159.3421
621.630488 84.464 -159.0329
626.135079 84.469 -158.7235
630.672311 84.474 -158.4167
635.242423 84.479 -158.1147
639.845651 84.485 -157.8158
644.482237 84.490 -157.5186
649.152421 84.495 -157.2281
653.856447 84.500 -156.9480
658.594560 84.505 -156.6665
663.367008 84.510 -156.3551
668.174039 84.515 -156.0194
673.015903 84.521 -155.6867
677.892854 84.526 -155.3677
682.805145 84.532 -155.0596
687.753032 84.538 -154.7547
692.736774 84.544 -154.4458
697.756631 84.551 -154.1279
702.812863 84.557 -153.8038
707.905735 84.564 -153.4792
713.035511 84.570 -153.1578
718.202461 84.575 -152.8400
723.406852 84.580 -152.5226
728.648956 84.585 -152.1998
733.929047 84.590 -151.8715
739.247399 84.595 -151.5410
744.604290 84.602 -151.2098
750.000000 84.609 -150.8790
755.434809 84.617 -150.5486
760.909001 84.625 -150.2148
766.422861 84.633 -149.8756
771.976677 84.641 -149.5301
777.570739 84.650 -149.1824
783.205337 84.657 -148.8443
788.880766 84.662 -148.5155
794.597321 84.668 -148.1855
800.355301 84.674 -147.8512
806.155005 84.681 -147.5102
811.996736 84.688 -147.1610
817.880799 84.696 -146.8073
823.807501 84.704 -146.4537
829.777150 84.712 -146.1008
835.790057 84.721 -145.7478
841.846536 84.729 -145.3907
847.946903 84.737 -145.0272
854.091476 84.746 -144.6630
860.280575 84.755 -144.3021
866.514523 84.764 -143.9417
872.793644 84.773 -143.5770
879.118267 84.782 -143.2074
885.488720 84.792 -142.8380
891.905336 84.800 -142.4719
898.368450 84.809 -142.1025
904.878398 84.819 -141.7205
911.435520 84.831 -141.3292
918.040157 84.843 -140.9370
924.692655 84.855 -140.5468
931.393359 84.868 -140.1586
938.142619 84.880 -139.7711
944.940787 84.892 -139.3808
951.788218 84.904 -138.9845
958.685268 84.916 -138.5823
965.632296 84.928 -138.1784
972.629666 84.940 -137.7750
979.677741 84.953 -137.3717
986.776890 84.966 -136.9679
993.927482 84.980 -136.5614
1001.129891 84.993 -136.1488
1008.384491 85.007 -135.7294
1015.691660 85.020 -135.3088
1023.051781 85.035 -134.8926
1030.465236 85.050 -134.4781
1037.932411 85.066 -134.0588
1045.453698 85.081 -133.6343
1053.029486 85.098 -133.2068
1060.660172 85.114 -132.7763
1068.346153 85.132 -132.3413
1076.087829 85.149 -131.9035
1083.885605 85.167 -131.4661
1091.739887 85.186 -131.0299
1099.651084 85.206 -130.5923
1107.619609 85.225 -130.1509
1115.645878 85.245 -129.7034
1123.730308 85.265 -129.2481
1131.873321 85.285 -128.7875
1140.075341 85.305 -128.3279
1148.336797 85.326 -127.8770
1156.658119 85.347 -127.4290
1165.039741 85.368 -126.9771
1173.482099 85.390 -126.5198
1181.985634 85.413 -126.0576
1190.550789 85.437 -125.5922
1199.178011 85.461 -125.1245
1207.867749 85.486 -124.6556
1216.620457 85.511 -124.1866
1225.436590 85.537 -123.7164
1234.316609 85.563 -123.2428
1243.260976 85.590 -122.7654
1252.270157 85.617 -122.2859
1261.344623 85.646 -121.8068
1270.484846 85.674 -121.3285
1279.691303 85.703 -120.8490
1288.964474 85.732 -120.3689
1298.304842 85.761 -119.8896
1307.712894 85.792 -119.4106
1317.189120 85.823 -118.9286
1326.734016 85.855 -118.4427
1336.348077 85.888 -117.9542
1346.031806 85.921 -117.4648
1355.785708 85.954 -116.9755
1365.610290 85.988 -116.4844
1375.506065 86.022 -115.9909
1385.473549 86.056 -115.4978
1395.513261 86.090 -115.0063
1405.625726 86.124 -114.5147
1415.811469 86.160 -114.0232
1426.071023 86.196 -113.5326
1436.404921 86.233 -113.0409
1446.813703 86.270 -112.5444
1457.297912 86.307 -112.0428
1467.858093 86.345 -111.5370
1478.494798 86.383 -111.0282
1489.208581 86.422 -110.5172
1500.000000 86.461 -110.0059
1510.869618 86.500 -109.4958
1521.818002 86.539 -108.9851
1532.845723 86.579 -108.4720
1543.953355 86.621 -107.9548
1555.141477 86.663 -107.4338
1566.410674 86.706 -106.9110
1577.761531 86.749 -106.3861
1589.194642 86.793 -105.8586
1600.710601 86.839 -105.3282
1612.310010 86.886 -104.7964
1623.993473 86.933 -104.2632
1635.761599 86.981 -103.7262
1647.615002 87.029 -103.1834
1659.554299 87.078 -102.6369
1671.580114 87.128 -102.0896
1683.693072 87.179 -101.5405
1695.893807 87.232 -100.9874
1708.182952 87.286 -100.4311
1720.561150 87.341 -99.8746
1733.029045 87.398 -99.3204
1745.587288 87.455 -98.7695
1758.236533 87.513 -98.2196
1770.977440 87.572 -97.6684
1783.810673 87.633 -97.1167
1796.736900 87.696 -96.5643
1809.756796 87.759 -96.0108
1822.871040 87.825 -95.4570
1836.080315 87.891 -94.9044
1849.385310 87.959 -94.3540
1862.786718 88.029 -93.8048
1876.285239 88.099 -93.2555
1889.881575 88.172 -92.7075
1903.576436 88.246 -92.1625
1917.370535 88.321 -91.6213
1931.264593 88.399 -91.0852
1945.259332 88.478 -90.5541
1959.355483 88.558 -90.0251
1973.553781 88.641 -89.4980
1987.854965 88.725 -88.9774
2002.259781 88.810 -88.4668
2016.768981 88.898 -87.9652
2031.383320 88.986 -87.4703
2046.103561 89.077 -86.9821
2060.930471 89.170 -86.5009
2075.864823 89.265 -86.0272
2090.907395 89.361 -85.5624
2106.058972 89.459 -85.1089
2121.320344 89.557 -84.6683
2136.692305 89.658 -84.2412
2152.175658 89.760 -83.8275
2167.771210 89.865 -83.4275
2183.479774 89.970 -83.0424
2199.302169 90.077 -82.6739
2215.239219 90.186 -82.3234
2231.291755 90.295 -81.9924
2247.460615 90.405 -81.6807
2263.746641 90.516 -81.3879
2280.150683 90.628 -81.1143
2296.673595 90.739 -80.8596
2313.316238 90.851 -80.6245
2330.079481 90.962 -80.4100
2346.964198 91.073 -80.2179
2363.971268 91.184 -80.0489
2381.101578 91.294 -79.9017
2398.356022 91.403 -79.7737
2415.735498 91.512 -79.6625
2433.240913 91.619 -79.5664
2450.873180 91.724 -79.4836
2468.633217 91.827 -79.4121
2486.521951 91.929 -79.3501
2504.540314 92.030 -79.2954
2522.689246 92.130 -79.2466
2540.969692 92.229 -79.2014
2559.382606 92.329 -79.1586
2577.928947 92.429 -79.1206
2596.609683 92.532 -79.0916
2615.425787 92.636 -79.0750
2634.378241 92.743 -79.0756
2653.468031 92.852 -79.0986
2672.696154 92.964 -79.1495
2692.063613 93.079 -79.2346
2711.571415 93.195 -79.3594
2731.220579 93.312 -79.5301
2751.012130 93.430 -79.7534
2770.947098 93.548 -80.0341
2791.026522 93.664 -80.3761
2811.251451 93.777 -80.7834
2831.622938 93.886 -81.2563
2852.142045 93.990 -81.7931
2872.809842 94.086 -82.3927
2893.627406 94.175 -83.0533
2914.595823 94.253 -83.7703
2935.716186 94.322 -84.5374
2956.989596 94.379 -85.3486
2978.417161 94.424 -86.1971
3000.000000 94.456 -87.0748
3021.739237 94.474 -87.9726
3043.636005 94.478 -88.8804
3065.691446 94.468 -89.7884
3087.906710 94.443 -90.6883
3110.282955 94.404 -91.5718
3132.821347 94.351 -92.4296
3155.523062 94.284 -93.2529
3178.389283 94.205 -94.0351
3201.421202 94.113 -94.7695
3224.620020 94.010 -95.4495
3247.986946 93.897 -96.0690
3271.523198 93.775 -96.6241
3295.230004 93.644 -97.1109
3319.108599 93.506 -97.5256
3343.160228 93.362 -97.8655
3367.386145 93.212 -98.1288
3391.787613 93.058 -98.3145
3416.365904 92.900 -98.4237
3441.122300 92.739 -98.4577
3466.058091 92.577 -98.4168
3491.174576 92.415 -98.3025
3516.473066 92.252 -98.1179
3541.954880 92.090 -97.8657
3567.621345 91.929 -97.5496
3593.473800 91.770 -97.1741
3619.513592 91.614 -96.7429
3645.742080 91.460 -96.2589
3672.160630 91.309 -95.7277
3698.770620 91.161 -95.1536
3725.573436 91.015 -94.5368
3752.570477 90.872 -93.8778
3779.763150 90.731 -93.1790
3807.152872 90.593 -92.4424
3834.741071 90.457 -91.6682
3862.529185 90.323 -90.8563
3890.518664 90.192 -90.0074
3918.710966 90.065 -89.1235
3947.107561 89.940 -88.2077
3975.709929 89.818 -87.2611
4004.519563 89.698 -86.2832
4033.537962 89.582 -85.2734
4062.766641 89.467 -84.2313
4092.207123 89.355 -83.1558
4121.860942 89.245 -82.0466
4151.729646 89.138 -80.9022
4181.814790 89.034 -79.7187
4212.117944 88.933 -78.4912
4242.640687 88.836 -77.2178
4273.384610 88.745 -75.8991
4304.351317 88.660 -74.5378
4335.542421 88.581 -73.1391
4366.959549 88.511 -71.7094
4398.604338 88.449 -70.2562
4430.478438 88.396 -68.7874
4462.583511 88.351 -67.3101
4494.921231 88.315 -65.8308
4527.493283 88.286 -64.3535
4560.301365 88.264 -62.8800
4593.347189 88.249 -61.4119
4626.632476 88.241 -59.9504
4660.158962 88.238 -58.4954
4693.928395 88.241 -57.0482
4727.942535 88.249 -55.6112
4762.203156 88.264 -54.1864
4796.712043 88.284 -52.7731
4831.470996 88.309 -51.3689
4866.481826 88.340 -49.9744
4901.746360 88.377 -48.5914
4937.266434 88.419 -47.2228
4973.043902 88.468 -45.8731
5009.080628 88.523 -44.5468
5045.378492 88.587 -43.2460
5081.939384 88.657 -41.9746
5118.765212 88.735 -40.7395
5155.857894 88.821 -39.5471
5193.219366 88.915 -38.4037
5230.851574 89.016 -37.3192
5268.756481 89.125 -36.3068
5306.936062 89.239 -35.3788
5345.392309 89.359 -34.5490
5384.127225 89.483 -33.8297
5423.142830 89.606 -33.2319
5462.441159 89.728 -32.7652
5502.024259 89.843 -32.4367
5541.894195 89.948 -32.2465
5582.053045 90.039 -32.1838
5622.502902 90.112 -32.2314
5663.245876 90.162 -32.3657
5704.284090 90.189 -32.5564
5745.619684 90.189 -32.7698
5787.254813 90.164 -32.9734
5829.191647 90.115 -33.1390
5871.432373 90.044 -33.2413
5913.979192 89.953 -33.2578
5956.834323 89.845 -33.1704
6000.000000 89.726 -32.9674
6043.478473 89.598 -32.6438
6087.272010 89.464 -32.2014
6131.382892 89.328 -31.6456
6175.813420 89.192 -30.9819
6220.565910 89.058 -30.2154
6265.642695 88.928 -29.3541
6311.046124 88.804 -28.4078
6356.778566 88.687 -27.3851
6402.842404 88.579 -26.2948
6449.240040 88.479 -25.1475
6495.973891 88.389 -23.9540
6543.046396 88.309 -22.7219
6590.460007 88.241 -21.4579
6638.217197 88.183 -20.1698
6686.320456 88.136 -18.8651
6734.772290 88.101 -17.5529
6783.575226 88.078 -16.2424
6832.731809 88.066 -14.9403
6882.244600 88.067 -13.6545
6932.116181 88.081 -12.3955
6982.349153 88.106 -11.1743
7032.946133 88.143 -10.0018
7083.909760 88.192 -8.8894
7135.242690 88.252 -7.8506
7186.947600 88.322 -6.9005
7239.027185 88.402 -6.0520
7291.484160 88.489 -5.3185
7344.321260 88.581 -4.7157
7397.541239 88.676 -4.2564
7451.146872 88.771 -3.9497
7505.140954 88.861 -3.8034
7559.526299 88.944 -3.8230
7614.305743 89.014 -4.0065
7669.482141 89.067 -4.3449
7725.058371 89.098 -4.8246
7781.037328 89.104 -5.4277
7837.421932 89.081 -6.1328
7894.215122 89.024 -6.9130
7951.419859 88.932 -7.7300
8009.039125 88.802 -8.5386
8067.075924 88.636 -9.2965
8125.533282 88.435 -9.9653
8184.414245 88.202 -10.5115
8243.721885 87.940 -10.9054
8303.459292 87.654 -11.1228
8363.629581 87.348 -11.1475
8424.235888 87.028 -10.9738
8485.281374 86.698 -10.6017
8546.769221 86.363 -10.0315
8608.702634 86.027 -9.2658
8671.084842 85.693 -8.3120
8733.919097 85.363 -7.1834
8797.208675 85.041 -5.8971
8860.956876 84.729 -4.4697
8925.167022 84.427 -2.9166
8989.842461 84.137 -1.2513
9054.986566 83.860 0.5147
9120.602731 83.597 2.3696
9186.694378 83.349 4.3022
9253.264952 83.115 6.3015
9320.317925 82.897 8.3539
9387.856790 82.695 10.4424
9455.885071 82.508 12.5518
9524.406312 82.338 14.6708
9593.424086 82.184 16.7881
9662.941992 82.045 18.8891
9732.963653 81.921 20.9573
9803.492719 81.812 22.9787
9874.532869 81.716 24.9392
9946.087805 81.633 26.8243
10018.161257 81.559 28.6188
10090.756983 81.494 30.3082
10163.878768 81.432 31.8756
10237.530423 81.372 33.3042
10311.715789 81.304 34.5868
10386.438732 81.220 35.7495
10461.703149 81.109 36.8826
10537.512962 80.971 38.1591
10613.872125 80.832 39.7663
10690.784618 80.743 41.6774
10768.254450 80.732 43.5187
10846.285661 80.774 44.9128
10924.882318 80.820 45.8180
11004.048518 80.842 46.4000
11083.788390 80.836 46.8135
11164.106090 80.808 47.1406
11245.005805 80.764 47.4130
11326.491752 80.709 47.6372
11408.568180 80.647 47.8115
11491.239368 80.580 47.9346
11574.509626 80.507 48.0072
11658.383294 80.429 48.0325
11742.864745 80.346 48.0151
11827.958384 80.259 47.9618
11913.668646 80.167 47.8828
12000.000000 80.072 47.7909
12086.956947 79.975 47.6996
12174.544019 79.876 47.6205
12262.765784 79.776 47.5618
12351.626840 79.676 47.5373
12441.131819 79.580 47.5628
12531.285389 79.494 47.6534
12622.092249 79.424 47.8094
12713.557132 79.377 48.0007
12805.684808 79.357 48.1706
12898.480079 79.364 48.2646
12991.947783 79.393 48.2496
13086.092792 79.440 48.1118
13180.920015 79.500 47.8406
13276.434395 79.572 47.4226
13372.640911 79.654 46.8375
13469.544580 79.741 46.0634
13567.150452 79.830 45.0829
13665.463617 79.916 43.8825
13764.489200 79.990 42.4540
13864.232362 80.049 40.7967
13964.698305 80.084 38.9216
14065.892266 80.093 36.8479
14167.819519 80.068 34.5984
14270.485380 80.007 32.2010
14373.895200 79.908 29.6907
14478.054370 79.769 27.1074
14582.968320 79.594 24.4887
14688.642520 79.385 21.8675
14795.082478 79.146 19.2675
14902.293745 78.885 16.7047
15010.281908 78.613 14.1882
15119.052599 78.345 11.7068
15228.611486 78.097 9.1879
15338.964283 77.881 6.4822
15450.116741 77.693 3.4290
15562.074656 77.516 -0.0530
15674.843864 77.336 -3.9567
15788.430244 77.150 -8.2517
15902.839718 76.964 -12.9350
16018.078250 76.790 -18.0458
16134.151848 76.641 -23.6728
16251.066563 76.525 -29.9643
16368.828491 76.425 -37.0979
16487.443769 76.290 -45.1629
16606.918584 76.056 -54.0098
16727.259161 75.690 -63.2713
16848.471777 75.207 -72.5817
16970.562748 74.647 -81.7316
17093.538442 74.046 -90.6509
17217.405268 73.422 -99.3014
17342.169684 72.779 -107.5670
17467.838194 72.123 -115.1875
17594.417350 71.505 -121.7557
17721.913751 71.097 -126.9457
17850.334044 71.180 -131.2459
17979.684923 71.860 -136.5760
18109.973131 72.804 -144.9788
18241.205462 73.586 -156.5990
18373.388756 74.030 -170.1501
18506.529905 74.177 175.5376
18640.635849 74.130 160.9752
18775.713581 73.975 146.2012
18911.770141 73.755 131.0676
19048.812624 73.475 115.3962
19186.848172 73.114 99.0443
19325.883983 72.639 81.9425
19465.927305 72.016 64.1395
19606.985439 71.233 45.8170
19749.065738 70.350 27.4681
19892.175609 69.545 10.9048
20036.322514 69.070 0.8751
