* Measurement data measured by REW V5.31.3
* Source: Headset (USB-C to 3.5mm Headphone Jack Adapter), MICROPHONE (Master Volume), R, volume: 0.250. Timing signal peak level -32.5 dBFS, measurement signal peak level -26.9 dBFS
* Format: 256k Log Swept Sine, 1 sweep at -12.0 dBFS using an acoustic timing reference
* Dated: Dec 6, 2025 4:03:01 AM
* REW Settings:
*  C-weighting compensation: Off
*  Target level: 75.0 dB
* Note: stock tips; Delay -0.0306 ms (-10 mm, -0.41 in) using estimated IR delay relative to Acoustic reference played from  R with no timing offset Clock adjustment: 0.7 ppm
* Measurement: Dunu x Koto Ito R
* Smoothing: 1/24 octave
* Frequency Step: 96 ppo
* Start Frequency: 0.36621094 Hz
*
* Freq(Hz) SPL(dB) Phase(degrees)
0.366211 41.998 156.9678
0.368865 41.996 156.9398
0.371538 41.993 156.8986
0.374230 41.990 156.8510
0.376942 41.987 156.7999
0.379673 41.984 156.7464
0.382424 41.980 156.6908
0.385196 41.977 156.6332
0.387987 41.974 156.5737
0.390798 41.970 156.5121
0.393630 41.967 156.4485
0.396483 41.963 156.3829
0.399356 41.960 156.3153
0.402250 41.957 156.2456
0.405165 41.953 156.1738
0.408101 41.950 156.0999
0.411058 41.946 156.0239
0.414037 41.943 155.9457
0.417037 41.939 155.8654
0.420059 41.935 155.7830
0.423103 41.932 155.6983
0.426169 41.928 155.6115
0.429257 41.924 155.5224
0.432368 41.921 155.4311
0.435501 41.917 155.3376
0.438656 41.913 155.2418
0.441835 41.909 155.1437
0.445037 41.905 155.0434
0.448262 41.902 154.9408
0.451510 41.898 154.8359
0.454782 41.894 154.7287
0.458077 41.890 154.6191
0.461397 41.886 154.5073
0.464740 41.882 154.3931
0.468108 41.878 154.2765
0.471500 41.874 154.1577
0.474917 41.870 154.0365
0.478358 41.866 153.9129
0.481825 41.862 153.7870
0.485316 41.857 153.6588
0.488833 41.853 153.5282
0.492375 41.849 153.3952
0.495943 41.845 153.2600
0.499537 41.840 153.1224
0.503157 41.836 152.9825
0.506803 41.832 152.8403
0.510475 41.827 152.6958
0.514175 41.823 152.5490
0.517900 41.818 152.3999
0.521653 41.814 152.2486
0.525434 41.809 152.0951
0.529241 41.805 151.9393
0.533076 41.800 151.7814
0.536939 41.796 151.6214
0.540830 41.791 151.4592
0.544749 41.786 151.2949
0.548696 41.782 151.1286
0.552673 41.777 150.9603
0.556677 41.772 150.7900
0.560711 41.767 150.6178
0.564774 41.762 150.4437
0.568867 41.757 150.2678
0.572989 41.753 150.0901
0.577141 41.748 149.9107
0.581324 41.743 149.7297
0.585536 41.738 149.5471
0.589779 41.733 149.3630
0.594053 41.727 149.1775
0.598358 41.722 148.9907
0.602694 41.717 148.8026
0.607061 41.712 148.6133
0.611460 41.707 148.4230
0.615891 41.701 148.2316
0.620354 41.696 148.0395
0.624849 41.691 147.8465
0.629377 41.685 147.6530
0.633938 41.680 147.4588
0.638532 41.674 147.2643
0.643159 41.669 147.0696
0.647819 41.663 146.8747
0.652514 41.658 146.6799
0.657242 41.652 146.4852
0.662005 41.646 146.2909
0.666802 41.640 146.0970
0.671634 41.635 145.9039
0.676501 41.629 145.7115
0.681403 41.623 145.5202
0.686341 41.617 145.3302
0.691314 41.611 145.1416
0.696324 41.605 144.9546
0.701370 41.599 144.7694
0.706452 41.593 144.5863
0.711571 41.587 144.4055
0.716728 41.581 144.2272
0.721921 41.575 144.0516
0.727153 41.569 143.8787
0.732422 41.565 143.7080
0.737729 41.561 143.5388
0.743075 41.559 143.3700
0.748460 41.557 143.2011
0.753883 41.555 143.0320
0.759346 41.553 142.8624
0.764849 41.551 142.6925
0.770391 41.548 142.5221
0.775974 41.546 142.3514
0.781597 41.543 142.1803
0.787261 41.541 142.0089
0.792966 41.538 141.8371
0.798712 41.536 141.6649
0.804500 41.533 141.4925
0.810329 41.531 141.3198
0.816201 41.528 141.1469
0.822116 41.525 140.9737
0.828073 41.523 140.8004
0.834074 41.521 140.6269
0.840118 41.518 140.4533
0.846206 41.516 140.2796
0.852338 41.514 140.1059
0.858514 41.512 139.9323
0.864735 41.511 139.7588
0.871001 41.509 139.5854
0.877313 41.508 139.4122
0.883670 41.507 139.2393
0.890074 41.506 139.0668
0.896524 41.506 138.8947
0.903020 41.506 138.7231
0.909564 41.507 138.5521
0.916155 41.508 138.3817
0.922794 41.509 138.2122
0.929481 41.511 138.0436
0.936216 41.513 137.8760
0.943000 41.516 137.7094
0.949834 41.520 137.5441
0.956717 41.524 137.3802
0.963649 41.529 137.2177
0.970632 41.535 137.0569
0.977666 41.541 136.8978
0.984750 41.548 136.7406
0.991886 41.556 136.5854
0.999074 41.566 136.4325
1.006314 41.576 136.2820
1.013606 41.587 136.1340
1.020951 41.599 135.9887
1.028349 41.612 135.8463
1.035801 41.627 135.7070
1.043307 41.643 135.5709
1.050867 41.660 135.4383
1.058482 41.678 135.3094
1.066152 41.698 135.1843
1.073878 41.720 135.0633
1.081660 41.743 134.9467
1.089498 41.768 134.8351
1.097393 41.794 134.7295
1.105345 41.822 134.6316
1.113355 41.852 134.5433
1.121423 41.882 134.4655
1.129549 41.915 134.3980
1.137734 41.949 134.3408
1.145979 41.984 134.2933
1.154283 42.020 134.2551
1.162647 42.059 134.2257
1.171072 42.098 134.2045
1.179558 42.139 134.1909
1.188106 42.182 134.1844
1.196715 42.226 134.1843
1.205387 42.271 134.1901
1.214122 42.319 134.2010
1.222920 42.367 134.2166
1.231782 42.418 134.2359
1.240708 42.469 134.2585
1.249699 42.523 134.2835
1.258754 42.578 134.3102
1.267876 42.635 134.3378
1.277063 42.693 134.3657
1.286318 42.753 134.3929
1.295639 42.814 134.4188
1.305027 42.878 134.4425
1.314484 42.942 134.4632
1.324009 43.009 134.4801
1.333604 43.077 134.4923
1.343268 43.147 134.4990
1.353002 43.219 134.4994
1.362806 43.292 134.4925
1.372681 43.367 134.4777
1.382628 43.444 134.4539
1.392647 43.522 134.4205
1.402739 43.602 134.3766
1.412904 43.684 134.3214
1.423142 43.768 134.2542
1.433455 43.853 134.1743
1.443843 43.940 134.0815
1.454305 44.029 133.9765
1.464844 44.121 133.8622
1.475459 44.214 133.7440
1.486150 44.311 133.6273
1.496920 44.410 133.5145
1.507767 44.513 133.4059
1.518693 44.619 133.3008
1.529698 44.728 133.1983
1.540783 44.840 133.0973
1.551948 44.954 132.9967
1.563194 45.072 132.8953
1.574521 45.192 132.7921
1.585931 45.315 132.6860
1.597423 45.441 132.5759
1.608999 45.568 132.4608
1.620658 45.699 132.3396
1.632402 45.831 132.2112
1.644232 45.966 132.0747
1.656146 46.102 131.9292
1.668147 46.241 131.7736
1.680235 46.381 131.6070
1.692411 46.523 131.4285
1.704675 46.666 131.2372
1.717028 46.811 131.0324
1.729470 46.956 130.8131
1.742003 47.103 130.5785
1.754626 47.250 130.3280
1.767341 47.398 130.0608
1.780147 47.547 129.7762
1.793047 47.695 129.4738
1.806040 47.844 129.1536
1.819128 47.993 128.8164
1.832310 48.142 128.4656
1.845587 48.292 128.1069
1.858961 48.444 127.7455
1.872432 48.598 127.3838
1.886001 48.753 127.0221
1.899667 48.910 126.6599
1.913433 49.069 126.2964
1.927299 49.230 125.9309
1.941265 49.392 125.5623
1.955332 49.556 125.1898
1.969501 49.721 124.8126
1.983773 49.887 124.4297
1.998148 50.055 124.0403
2.012627 50.224 123.6436
2.027212 50.394 123.2388
2.041902 50.565 122.8249
2.056698 50.737 122.4012
2.071602 50.909 121.9670
2.086614 51.082 121.5213
2.101734 51.255 121.0635
2.116964 51.429 120.5928
2.132304 51.602 120.1085
2.147756 51.776 119.6099
2.163320 51.949 119.0967
2.178996 52.122 118.5690
2.194786 52.295 118.0285
2.210690 52.468 117.4788
2.226710 52.642 116.9244
2.242845 52.815 116.3677
2.259098 52.990 115.8096
2.275468 53.164 115.2499
2.291957 53.339 114.6885
2.308566 53.515 114.1250
2.325295 53.691 113.5589
2.342145 53.867 112.9898
2.359117 54.043 112.4171
2.376212 54.220 111.8403
2.393431 54.397 111.2588
2.410775 54.574 110.6722
2.428244 54.752 110.0797
2.445840 54.929 109.4809
2.463564 55.107 108.8751
2.481416 55.285 108.2617
2.499397 55.462 107.6401
2.517509 55.640 107.0097
2.535752 55.817 106.3703
2.554127 55.995 105.7223
2.572635 56.172 105.0671
2.591277 56.349 104.4073
2.610055 56.526 103.7448
2.628968 56.703 103.0806
2.648019 56.879 102.4150
2.667208 57.055 101.7482
2.686535 57.232 101.0800
2.706003 57.408 100.4105
2.725612 57.583 99.7394
2.745363 57.759 99.0666
2.765257 57.935 98.3917
2.785295 58.110 97.7146
2.805478 58.285 97.0349
2.825808 58.461 96.3523
2.846285 58.636 95.6663
2.866910 58.811 94.9767
2.887685 58.986 94.2830
2.908611 59.161 93.5852
2.929688 59.336 92.8835
2.950917 59.510 92.1788
2.972301 59.685 91.4725
2.993839 59.858 90.7652
3.015534 60.032 90.0573
3.037386 60.205 89.3490
3.059396 60.377 88.6405
3.081565 60.549 87.9317
3.103896 60.721 87.2226
3.126388 60.893 86.5131
3.149043 61.064 85.8031
3.171862 61.235 85.0925
3.194847 61.406 84.3811
3.217998 61.577 83.6686
3.241317 61.748 82.9549
3.264805 61.919 82.2398
3.288463 62.090 81.5233
3.312293 62.261 80.8057
3.336295 62.431 80.0878
3.360471 62.601 79.3699
3.384822 62.770 78.6523
3.409350 62.939 77.9352
3.434056 63.107 77.2187
3.458940 63.275 76.5027
3.484005 63.443 75.7873
3.509252 63.611 75.0722
3.534681 63.778 74.3576
3.560295 63.946 73.6431
3.586094 64.113 72.9287
3.612081 64.280 72.2142
3.638255 64.447 71.4996
3.664620 64.615 70.7851
3.691175 64.782 70.0709
3.717923 64.948 69.3575
3.744864 65.114 68.6452
3.772001 65.280 67.9340
3.799335 65.446 67.2238
3.826866 65.611 66.5146
3.854597 65.776 65.8061
3.882529 65.941 65.0982
3.910664 66.106 64.3906
3.939002 66.271 63.6833
3.967546 66.435 62.9759
3.996296 66.600 62.2684
4.025255 66.764 61.5608
4.054423 66.929 60.8536
4.083804 67.093 60.1473
4.113396 67.257 59.4420
4.143204 67.421 58.7379
4.173227 67.584 58.0347
4.203468 67.748 57.3323
4.233928 67.910 56.6304
4.264609 68.073 55.9288
4.295512 68.236 55.2272
4.326639 68.399 54.5253
4.357992 68.561 53.8229
4.389572 68.724 53.1200
4.421380 68.886 52.4168
4.453419 69.048 51.7139
4.485691 69.210 51.0115
4.518196 69.371 50.3098
4.550936 69.532 49.6085
4.583914 69.693 48.9076
4.617131 69.854 48.2069
4.650589 70.014 47.5062
4.684289 70.174 46.8052
4.718233 70.334 46.1037
4.752424 70.494 45.4015
4.786862 70.654 44.6987
4.821549 70.813 43.9956
4.856488 70.972 43.2924
4.891680 71.130 42.5893
4.927127 71.288 41.8865
4.962831 71.446 41.1838
4.998794 71.603 40.4815
5.035017 71.760 39.7792
5.071503 71.916 39.0771
5.108253 72.073 38.3748
5.145270 72.228 37.6723
5.182555 72.384 36.9693
5.220110 72.539 36.2661
5.257937 72.693 35.5628
5.296038 72.847 34.8598
5.334415 73.000 34.1574
5.373071 73.153 33.4556
5.412006 73.305 32.7547
5.451224 73.457 32.0546
5.490725 73.609 31.3552
5.530514 73.760 30.6561
5.570590 73.911 29.9572
5.610957 74.060 29.2586
5.651616 74.210 28.5605
5.692570 74.359 27.8633
5.733821 74.507 27.1672
5.775370 74.655 26.4725
5.817221 74.802 25.7794
5.859375 74.949 25.0877
5.901834 75.096 24.3971
5.944602 75.241 23.7074
5.987679 75.387 23.0185
6.031068 75.531 22.3307
6.074771 75.676 21.6442
6.118792 75.819 20.9591
6.163131 75.963 20.2757
6.207792 76.106 19.5940
6.252776 76.249 18.9138
6.298086 76.391 18.2349
6.343725 76.532 17.5572
6.389694 76.674 16.8806
6.435996 76.814 16.2052
6.482634 76.955 15.5311
6.529610 77.095 14.8583
6.576926 77.234 14.1867
6.624585 77.374 13.5163
6.672590 77.512 12.8469
6.720942 77.651 12.1784
6.769645 77.789 11.5108
6.818700 77.927 10.8440
6.868111 78.064 10.1778
6.917881 78.201 9.5121
6.968010 78.337 8.8469
7.018504 78.474 8.1821
7.069362 78.609 7.5175
7.120590 78.745 6.8533
7.172189 78.880 6.1892
7.224161 79.014 5.5251
7.276511 79.149 4.8609
7.329239 79.282 4.1965
7.382350 79.416 3.5318
7.435845 79.548 2.8666
7.489729 79.681 2.2010
7.544002 79.813 1.5350
7.598669 79.944 0.8687
7.653732 80.075 0.2019
7.709194 80.205 -0.4656
7.765058 80.335 -1.1339
7.821327 80.464 -1.8031
7.878004 80.593 -2.4731
7.935091 80.721 -3.1435
7.992592 80.849 -3.8145
8.050510 80.975 -4.4860
8.108847 81.102 -5.1582
8.167607 81.227 -5.8315
8.226793 81.352 -6.5055
8.286408 81.476 -7.1801
8.346454 81.600 -7.8550
8.406936 81.723 -8.5300
8.467856 81.845 -9.2055
8.529218 81.966 -9.8816
8.591024 82.087 -10.5583
8.653278 82.207 -11.2352
8.715983 82.326 -11.9120
8.779143 82.445 -12.5886
8.842760 82.562 -13.2650
8.906839 82.679 -13.9417
8.971381 82.796 -14.6184
9.036392 82.912 -15.2949
9.101873 83.027 -15.9709
9.167829 83.141 -16.6461
9.234263 83.255 -17.3210
9.301178 83.368 -17.9956
9.368578 83.481 -18.6699
9.436467 83.593 -19.3437
9.504847 83.704 -20.0169
9.573723 83.815 -20.6894
9.643099 83.926 -21.3616
9.712976 84.036 -22.0336
9.783361 84.145 -22.7056
9.854255 84.255 -23.3777
9.925663 84.364 -24.0500
9.997588 84.472 -24.7225
10.070035 84.580 -25.3956
10.143007 84.688 -26.0698
10.216507 84.796 -26.7455
10.290540 84.904 -27.4228
10.365109 85.011 -28.1020
10.440219 85.118 -28.7832
10.515873 85.224 -29.4670
10.592076 85.331 -30.1539
10.668830 85.436 -30.8442
10.746141 85.542 -31.5380
10.824012 85.647 -32.2353
10.902447 85.751 -32.9362
10.981451 85.855 -33.6409
11.061027 85.958 -34.3497
11.141180 86.060 -35.0625
11.221913 86.162 -35.7786
11.303232 86.262 -36.4975
11.385140 86.362 -37.2190
11.467641 86.460 -37.9432
11.550741 86.558 -38.6694
11.634442 86.654 -39.3963
11.718750 86.749 -40.1227
11.803669 86.843 -40.8486
11.889203 86.935 -41.5736
11.975357 87.027 -42.2966
12.062136 87.118 -43.0160
12.149543 87.208 -43.7314
12.237583 87.297 -44.4426
12.326262 87.385 -45.1495
12.415583 87.473 -45.8512
12.505552 87.561 -46.5473
12.596172 87.648 -47.2381
12.687449 87.736 -47.9241
12.779387 87.823 -48.6060
12.871992 87.912 -49.2842
12.965268 88.000 -49.9590
13.059220 88.089 -50.6320
13.153852 88.179 -51.3047
13.249170 88.269 -51.9783
13.345179 88.360 -52.6532
13.441884 88.452 -53.3307
13.539289 88.544 -54.0125
13.637401 88.635 -54.6993
13.736223 88.727 -55.3915
13.835761 88.819 -56.0890
13.936021 88.910 -56.7922
14.037007 89.000 -57.5013
14.138725 89.090 -58.2151
14.241180 89.178 -58.9321
14.344377 89.265 -59.6512
14.448323 89.350 -60.3717
14.553021 89.434 -61.0913
14.658478 89.516 -61.8074
14.764700 89.597 -62.5188
14.871691 89.676 -63.2243
14.979457 89.754 -63.9214
15.088005 89.831 -64.6086
15.197339 89.907 -65.2855
15.307465 89.983 -65.9516
15.418389 90.059 -66.6066
15.530117 90.136 -67.2506
15.642655 90.213 -67.8851
15.756008 90.291 -68.5119
15.870182 90.370 -69.1322
15.985184 90.451 -69.7485
16.101019 90.533 -70.3641
16.217694 90.617 -70.9815
16.335214 90.703 -71.6031
16.453586 90.789 -72.2323
16.572815 90.877 -72.8719
16.692909 90.965 -73.5236
16.813872 91.054 -74.1895
16.935713 91.142 -74.8715
17.058436 91.229 -75.5698
17.182048 91.316 -76.2848
17.306556 91.400 -77.0163
17.431967 91.482 -77.7634
17.558286 91.561 -78.5240
17.685521 91.637 -79.2962
17.813677 91.710 -80.0775
17.942762 91.778 -80.8640
18.072783 91.842 -81.6526
18.203746 91.902 -82.4396
18.335658 91.957 -83.2202
18.468526 92.009 -83.9911
18.602356 92.057 -84.7485
18.737156 92.101 -85.4882
18.872934 92.143 -86.2081
19.009695 92.182 -86.9061
19.147447 92.221 -87.5806
19.286197 92.258 -88.2320
19.425953 92.296 -88.8617
19.566721 92.335 -89.4714
19.708510 92.375 -90.0647
19.851326 92.417 -90.6460
19.995177 92.461 -91.2194
20.140070 92.507 -91.7901
20.286013 92.556 -92.3626
20.433014 92.606 -92.9407
20.581080 92.658 -93.5279
20.730219 92.710 -94.1261
20.880439 92.763 -94.7363
21.031747 92.815 -95.3588
21.184152 92.868 -95.9925
21.337661 92.919 -96.6359
21.492282 92.969 -97.2877
21.648024 93.018 -97.9461
21.804895 93.066 -98.6097
21.962902 93.113 -99.2781
22.122054 93.159 -99.9507
22.282360 93.205 -100.6277
22.443827 93.249 -101.3097
22.606464 93.293 -101.9969
22.770280 93.336 -102.6893
22.935283 93.377 -103.3862
23.101481 93.416 -104.0860
23.268884 93.454 -104.7866
23.437500 93.489 -105.4851
23.607338 93.523 -106.1781
23.778406 93.554 -106.8626
23.950714 93.585 -107.5359
24.124271 93.615 -108.1966
24.299086 93.645 -108.8443
24.475167 93.675 -109.4802
24.652524 93.706 -110.1067
24.831166 93.739 -110.7270
25.011103 93.773 -111.3452
25.192344 93.808 -111.9645
25.374898 93.844 -112.5882
25.558775 93.881 -113.2179
25.743984 93.917 -113.8542
25.930536 93.953 -114.4966
26.118439 93.988 -115.1431
26.307704 94.021 -115.7917
26.498341 94.053 -116.4399
26.690359 94.084 -117.0857
26.883768 94.114 -117.7276
27.078579 94.143 -118.3649
27.274801 94.172 -118.9976
27.472446 94.200 -119.6264
27.671522 94.228 -120.2521
27.872042 94.255 -120.8758
28.074014 94.283 -121.4984
28.277450 94.310 -122.1205
28.482360 94.336 -122.7424
28.688755 94.362 -123.3643
28.896645 94.388 -123.9860
29.106042 94.413 -124.6073
29.316957 94.437 -125.2282
29.529400 94.461 -125.8483
29.743382 94.484 -126.4679
29.958915 94.506 -127.0872
30.176009 94.529 -127.7065
30.394677 94.550 -128.3264
30.614929 94.571 -128.9475
30.836778 94.592 -129.5700
31.060234 94.611 -130.1937
31.285309 94.630 -130.8178
31.512015 94.647 -131.4409
31.740364 94.663 -132.0612
31.970368 94.678 -132.6767
32.202039 94.692 -133.2861
32.435388 94.706 -133.8886
32.670428 94.719 -134.4848
32.907171 94.732 -135.0757
33.145630 94.745 -135.6629
33.385817 94.758 -136.2475
33.627745 94.771 -136.8295
33.871425 94.783 -137.4075
34.116871 94.794 -137.9794
34.364096 94.804 -138.5427
34.613113 94.815 -139.0960
34.863934 94.827 -139.6401
35.116572 94.840 -140.1785
35.371041 94.855 -140.7170
35.627354 94.871 -141.2626
35.885525 94.889 -141.8212
36.145566 94.906 -142.3962
36.407492 94.922 -142.9869
36.671316 94.935 -143.5885
36.937051 94.944 -144.1928
37.204712 94.950 -144.7903
37.474313 94.954 -145.3726
37.745867 94.955 -145.9344
38.019389 94.957 -146.4749
38.294893 94.961 -146.9984
38.572394 94.967 -147.5131
38.851905 94.975 -148.0287
39.133442 94.986 -148.5544
39.417019 94.996 -149.0962
39.702651 95.006 -149.6548
39.990353 95.013 -150.2255
40.280140 95.017 -150.7997
40.572026 95.018 -151.3668
40.866028 95.016 -151.9187
41.162160 95.014 -152.4528
41.460438 95.012 -152.9728
41.760877 95.012 -153.4884
42.063494 95.013 -154.0111
42.368303 95.014 -154.5498
42.675322 95.013 -155.1055
42.984565 95.008 -155.6702
43.296048 94.998 -156.2296
43.609789 94.984 -156.7683
43.925804 94.968 -157.2769
44.244108 94.955 -157.7576
44.564719 94.946 -158.2253
44.887654 94.942 -158.7015
45.212928 94.940 -159.2050
45.540560 94.939 -159.7436
45.870565 94.935 -160.3112
46.202962 94.926 -160.8909
46.537768 94.913 -161.4632
46.875000 94.898 -162.0161
47.214676 94.883 -162.5491
47.556813 94.870 -163.0712
47.901429 94.859 -163.5927
48.248542 94.849 -164.1181
48.598171 94.837 -164.6441
48.950334 94.824 -165.1630
49.305048 94.811 -165.6680
49.662333 94.796 -166.1545
50.022206 94.782 -166.6193
50.384688 94.769 -167.0587
50.749796 94.758 -167.4712
51.117550 94.751 -167.8645
51.487969 94.751 -168.2611
51.861072 94.757 -168.6937
52.236879 94.764 -169.1898
52.615409 94.766 -169.7536
52.996681 94.756 -170.3591
53.380717 94.732 -170.9601
53.767536 94.698 -171.5141
54.157158 94.660 -172.0025
54.549603 94.624 -172.4379
54.944892 94.594 -172.8513
55.343045 94.568 -173.2723
55.744084 94.544 -173.7138
56.148028 94.519 -174.1715
56.554900 94.493 -174.6335
56.964720 94.469 -175.0935
57.377510 94.446 -175.5574
57.793291 94.427 -176.0419
58.212085 94.408 -176.5613
58.633914 94.384 -177.1128
59.058799 94.352 -177.6678
59.486764 94.313 -178.1819
59.917829 94.270 -178.6216
60.352019 94.234 -178.9908
60.789354 94.208 -179.3322
61.229859 94.191 -179.6971
61.673556 94.175 179.8923
62.120468 94.156 179.4548
62.570618 94.132 179.0274
63.024031 94.107 178.6295
63.480729 94.085 178.2492
63.940736 94.066 177.8597
64.404077 94.047 177.4461
64.870776 94.025 177.0161
65.340856 93.998 176.5887
65.814343 93.969 176.1772
66.291261 93.939 175.7819
66.771635 93.909 175.3944
67.255489 93.879 175.0064
67.742850 93.847 174.6150
68.233743 93.814 174.2225
68.728193 93.779 173.8312
69.226226 93.743 173.4397
69.727867 93.706 173.0422
70.233144 93.670 172.6341
70.742083 93.632 172.2144
71.254709 93.593 171.7864
71.771050 93.553 171.3588
72.291132 93.513 170.9462
72.814984 93.476 170.5584
73.342631 93.448 170.1779
73.874102 93.429 169.7574
74.409424 93.410 169.2584
74.948626 93.380 168.7057
75.491734 93.333 168.1905
76.038779 93.275 167.8021
76.589787 93.220 167.5551
77.144788 93.179 167.3813
77.703811 93.149 167.1939
78.266885 93.121 166.9522
78.834039 93.089 166.6680
79.405303 93.049 166.3672
79.980706 93.005 166.0626
80.560280 92.957 165.7516
81.144053 92.907 165.4282
81.732056 92.855 165.0899
82.324320 92.802 164.7412
82.920876 92.748 164.3959
83.521755 92.696 164.0691
84.126988 92.648 163.7578
84.736607 92.605 163.4376
85.350643 92.562 163.0969
85.969129 92.514 162.7658
86.592097 92.462 162.4880
87.219579 92.413 162.2575
87.851608 92.368 162.0187
88.488217 92.320 161.7390
89.129439 92.264 161.4479
89.775308 92.204 161.1776
90.425856 92.147 160.9061
91.081119 92.090 160.5944
91.741131 92.030 160.2477
92.405925 91.967 159.8995
93.075536 91.904 159.5722
93.750000 91.844 159.2825
94.429351 91.789 159.0399
95.113625 91.745 158.8167
95.802858 91.708 158.5723
96.497085 91.671 158.3056
97.196342 91.632 158.0245
97.900667 91.587 157.7105
98.610096 91.527 157.3856
99.324665 91.452 157.1454
100.044413 91.375 157.0472
100.769376 91.311 157.0219
101.499592 91.262 156.9476
102.235100 91.216 156.7546
102.975938 91.161 156.4577
103.722144 91.090 156.1517
104.473757 91.010 155.9396
105.230817 90.939 155.8152
105.993363 90.881 155.6848
106.761435 90.829 155.5070
107.535072 90.776 155.3139
108.314315 90.719 155.1465
109.099206 90.658 155.0606
109.889783 90.599 155.1020
110.686090 90.552 155.2118
111.488167 90.513 155.2377
112.296056 90.462 155.0878
113.109800 90.377 154.8336
113.929440 90.258 154.6119
114.755020 90.121 154.4935
115.586582 89.985 154.5192
116.424170 89.880 154.6763
117.267827 89.827 154.7403
118.117598 89.801 154.4703
118.973527 89.755 154.0455
119.835658 89.688 153.9404
120.704037 89.648 154.3113
121.578708 89.661 154.8397
122.459718 89.702 155.2384
123.347111 89.739 155.5165
124.240935 89.762 155.7567
125.141236 89.778 155.9427
126.048061 89.783 155.9983
126.961458 89.770 155.9451
127.881473 89.742 155.9585
128.808154 89.726 156.0941
129.741551 89.732 156.1772
130.681712 89.742 156.1570
131.628686 89.751 156.1201
132.582521 89.762 156.0064
133.543269 89.762 155.7253
134.510979 89.738 155.3050
135.485701 89.684 154.8529
136.467486 89.611 154.4832
137.456386 89.536 154.2007
138.452451 89.465 153.9547
139.455735 89.396 153.7425
140.466288 89.333 153.5422
141.484165 89.271 153.2931
142.509418 89.205 152.9891
143.542100 89.134 152.6730
144.582265 89.063 152.4070
145.629968 89.002 152.2669
146.685262 88.961 152.2688
147.748204 88.940 152.3936
148.818849 88.936 152.6432
149.897251 88.948 152.9286
150.983469 88.955 152.9716
152.077557 88.912 152.7041
153.179574 88.806 152.4644
154.289576 88.675 152.3858
155.407622 88.550 152.3263
156.533770 88.441 152.2508
157.668078 88.357 152.1653
158.810606 88.294 152.0426
159.961413 88.240 151.9094
161.120559 88.186 151.8191
162.288105 88.129 151.7950
163.464112 88.068 151.8267
164.648640 88.004 151.8919
165.841752 87.939 151.9784
167.043510 87.874 152.0881
168.253976 87.813 152.2080
169.473213 87.756 152.2963
170.701286 87.700 152.3544
171.938258 87.643 152.4072
173.184194 87.587 152.4586
174.439158 87.527 152.5362
175.703216 87.466 152.6714
176.976434 87.405 152.8619
178.258878 87.347 153.0789
179.550615 87.295 153.2565
180.851713 87.244 153.3271
182.162239 87.190 153.3185
183.482262 87.132 153.3060
184.811850 87.074 153.3268
186.151073 87.017 153.3849
187.500000 86.959 153.4721
188.858702 86.900 153.5881
190.227250 86.842 153.7260
191.605715 86.789 153.8736
192.994169 86.742 154.0360
194.392685 86.697 154.2207
195.801334 86.651 154.4247
197.220191 86.599 154.6400
198.649330 86.539 154.8534
200.088825 86.473 155.0602
201.538751 86.410 155.2689
202.999184 86.358 155.4716
204.470200 86.320 155.6373
205.951875 86.288 155.7764
207.444287 86.255 155.9197
208.947514 86.216 156.0934
210.461634 86.172 156.3069
211.986726 86.126 156.5391
213.522869 86.079 156.7727
215.070144 86.033 157.0101
216.628631 85.987 157.2532
218.198411 85.943 157.4942
219.779567 85.902 157.7298
221.372180 85.866 157.9537
222.976334 85.834 158.1685
224.592112 85.806 158.3838
226.219600 85.777 158.6035
227.858880 85.743 158.8325
229.510039 85.702 159.0787
231.173164 85.658 159.3431
232.848340 85.616 159.6076
234.535655 85.576 159.8553
236.235197 85.540 160.0886
237.947054 85.506 160.3212
239.671317 85.473 160.5661
241.408074 85.442 160.8275
243.157416 85.412 161.0976
244.919435 85.384 161.3625
246.694223 85.356 161.6118
248.481871 85.326 161.8553
250.282473 85.296 162.1124
252.096123 85.265 162.3840
253.922915 85.234 162.6543
255.762945 85.202 162.9076
257.616309 85.170 163.1434
259.483103 85.138 163.3822
261.363424 85.110 163.6381
263.257372 85.084 163.9029
265.165043 85.061 164.1810
267.086538 85.038 164.4729
269.021957 85.013 164.7594
270.971401 84.985 165.0475
272.934972 84.955 165.3580
274.912771 84.926 165.6869
276.904902 84.898 166.0259
278.911469 84.868 166.3803
280.932577 84.839 166.7473
282.968330 84.812 167.0970
285.018835 84.787 167.4053
287.084199 84.761 167.6988
289.164530 84.734 168.0364
291.259935 84.708 168.4352
293.370525 84.685 168.8692
295.496408 84.665 169.3068
297.637697 84.653 169.7440
299.794503 84.653 170.2095
301.966937 84.670 170.6874
304.155114 84.699 171.1097
306.359147 84.730 171.4457
308.579152 84.757 171.7013
310.815244 84.778 171.8923
313.067539 84.792 172.0412
315.336156 84.803 172.1669
317.621211 84.813 172.2796
319.922826 84.822 172.3890
322.241118 84.829 172.5252
324.576210 84.831 172.7076
326.928223 84.830 172.9109
329.297280 84.827 173.1073
331.683504 84.824 173.2890
334.087019 84.821 173.4638
336.507952 84.816 173.6364
338.946427 84.809 173.8198
341.402572 84.801 174.0204
343.876516 84.794 174.2311
346.368387 84.787 174.4479
348.878315 84.780 174.6675
351.406431 84.774 174.8871
353.952867 84.769 175.1044
356.517756 84.766 175.3178
359.101230 84.764 175.5208
361.703426 84.762 175.7213
364.324478 84.759 175.9434
366.964523 84.757 176.1928
369.623699 84.755 176.4338
372.302145 84.752 176.6249
375.000000 84.749 176.7845
377.717405 84.747 176.9506
380.454501 84.745 177.1319
383.211431 84.744 177.3219
385.988339 84.743 177.5180
388.785369 84.741 177.7188
391.602668 84.738 177.9176
394.440383 84.736 178.1177
397.298660 84.735 178.3278
400.177650 84.736 178.5466
403.077502 84.737 178.7623
405.998368 84.737 178.9699
408.940400 84.736 179.1703
411.903750 84.733 179.3574
414.888575 84.729 179.5323
417.895028 84.725 179.7119
420.923268 84.726 179.9135
423.973452 84.731 -179.8710
427.045738 84.738 -179.6581
430.140287 84.742 -179.4543
433.257261 84.745 -179.2618
436.396822 84.748 -179.0765
439.559133 84.752 -178.8910
442.744360 84.756 -178.6993
445.952668 84.759 -178.5007
449.184225 84.762 -178.2987
452.439199 84.764 -178.0953
455.717760 84.766 -177.8940
459.020079 84.768 -177.7008
462.346327 84.771 -177.5151
465.696680 84.775 -177.3321
469.071310 84.778 -177.1511
472.470394 84.781 -176.9735
475.894109 84.785 -176.7971
479.342634 84.789 -176.6213
482.816148 84.793 -176.4457
486.314833 84.797 -176.2669
489.838871 84.801 -176.0833
493.388445 84.804 -175.8982
496.963741 84.807 -175.7149
500.564945 84.810 -175.5331
504.192245 84.814 -175.3520
507.845830 84.818 -175.1747
511.525890 84.822 -175.0027
515.232618 84.826 -174.8337
518.966206 84.830 -174.6655
522.726849 84.835 -174.4939
526.514743 84.839 -174.3141
530.330086 84.843 -174.1275
534.173076 84.848 -173.9384
538.043915 84.852 -173.7522
541.942803 84.855 -173.5797
545.869944 84.858 -173.4197
549.825542 84.860 -173.2595
553.809805 84.863 -173.0934
557.822939 84.865 -172.9229
561.865154 84.868 -172.7476
565.936660 84.870 -172.5678
570.037671 84.873 -172.3884
574.168399 84.875 -172.2099
578.329060 84.878 -172.0300
582.519870 84.881 -171.8482
586.741049 84.884 -171.6641
590.992817 84.887 -171.4776
595.275394 84.890 -171.2904
599.589005 84.894 -171.1037
603.933874 84.897 -170.9179
608.310228 84.900 -170.7312
612.718295 84.904 -170.5423
617.158304 84.908 -170.3519
621.630488 84.912 -170.1624
626.135079 84.917 -169.9722
630.672311 84.921 -169.7789
635.242423 84.926 -169.5850
639.845651 84.931 -169.3927
644.482237 84.937 -169.2019
649.152421 84.944 -169.0131
653.856447 84.952 -168.8262
658.594560 84.959 -168.6366
663.367008 84.963 -168.4397
668.174039 84.965 -168.2385
673.015903 84.967 -168.0395
677.892854 84.971 -167.8452
682.805145 84.976 -167.6511
687.753032 84.982 -167.4533
692.736774 84.987 -167.2533
697.756631 84.993 -167.0530
702.812863 85.000 -166.8514
707.905735 85.006 -166.6475
713.035511 85.013 -166.4431
718.202461 85.020 -166.2425
723.406852 85.027 -166.0437
728.648956 85.034 -165.8408
733.929047 85.041 -165.6351
739.247399 85.048 -165.4289
744.604290 85.055 -165.2211
750.000000 85.062 -165.0129
755.434809 85.070 -164.8075
760.909001 85.078 -164.6060
766.422861 85.086 -164.4079
771.976677 85.095 -164.2145
777.570739 85.105 -164.0213
783.205337 85.114 -163.8112
788.880766 85.122 -163.5843
794.597321 85.131 -163.3565
800.355301 85.139 -163.1342
806.155005 85.148 -162.9164
811.996736 85.157 -162.7015
817.880799 85.166 -162.4876
823.807501 85.175 -162.2726
829.777150 85.185 -162.0562
835.790057 85.194 -161.8375
841.846536 85.204 -161.6152
847.946903 85.214 -161.3914
854.091476 85.224 -161.1696
860.280575 85.234 -160.9495
866.514523 85.244 -160.7300
872.793644 85.255 -160.5106
879.118267 85.267 -160.2915
885.488720 85.278 -160.0744
891.905336 85.290 -159.8610
898.368450 85.301 -159.6444
904.878398 85.313 -159.4108
911.435520 85.325 -159.1635
918.040157 85.337 -158.9137
924.692655 85.350 -158.6682
931.393359 85.362 -158.4279
938.142619 85.374 -158.1910
944.940787 85.387 -157.9552
951.788218 85.400 -157.7172
958.685268 85.413 -157.4768
965.632296 85.426 -157.2349
972.629666 85.441 -156.9925
979.677741 85.456 -156.7507
986.776890 85.471 -156.5092
993.927482 85.486 -156.2657
1001.129891 85.501 -156.0184
1008.384491 85.517 -155.7682
1015.691660 85.533 -155.5149
1023.051781 85.550 -155.2564
1030.465236 85.566 -154.9960
1037.932411 85.583 -154.7385
1045.453698 85.601 -154.4824
1053.029486 85.620 -154.2239
1060.660172 85.639 -153.9615
1068.346153 85.658 -153.6955
1076.087829 85.678 -153.4285
1083.885605 85.698 -153.1630
1091.739887 85.719 -152.8998
1099.651084 85.741 -152.6374
1107.619609 85.763 -152.3725
1115.645878 85.786 -152.1035
1123.730308 85.809 -151.8305
1131.873321 85.832 -151.5560
1140.075341 85.856 -151.2842
1148.336797 85.879 -151.0192
1156.658119 85.903 -150.7559
1165.039741 85.927 -150.4895
1173.482099 85.952 -150.2205
1181.985634 85.977 -149.9511
1190.550789 86.004 -149.6820
1199.178011 86.031 -149.4131
1207.867749 86.059 -149.1449
1216.620457 86.087 -148.8780
1225.436590 86.116 -148.6126
1234.316609 86.145 -148.3476
1243.260976 86.174 -148.0819
1252.270157 86.204 -147.8146
1261.344623 86.234 -147.5454
1270.484846 86.265 -147.2739
1279.691303 86.296 -147.0030
1288.964474 86.328 -146.7349
1298.304842 86.361 -146.4690
1307.712894 86.394 -146.2041
1317.189120 86.428 -145.9392
1326.734016 86.462 -145.6746
1336.348077 86.497 -145.4107
1346.031806 86.533 -145.1473
1355.785708 86.569 -144.8825
1365.610290 86.606 -144.6151
1375.506065 86.643 -144.3475
1385.473549 86.680 -144.0820
1395.513261 86.717 -143.8191
1405.625726 86.755 -143.5589
1415.811469 86.793 -143.2997
1426.071023 86.831 -143.0396
1436.404921 86.871 -142.7791
1446.813703 86.910 -142.5200
1457.297912 86.951 -142.2632
1467.858093 86.992 -142.0073
1478.494798 87.034 -141.7504
1489.208581 87.076 -141.4906
1500.000000 87.119 -141.2283
1510.869618 87.163 -140.9660
1521.818002 87.207 -140.7052
1532.845723 87.252 -140.4459
1543.953355 87.297 -140.1862
1555.141477 87.343 -139.9247
1566.410674 87.390 -139.6626
1577.761531 87.437 -139.4015
1589.194642 87.485 -139.1409
1600.710601 87.534 -138.8815
1612.310010 87.583 -138.6233
1623.993473 87.634 -138.3620
1635.761599 87.686 -138.0958
1647.615002 87.740 -137.8300
1659.554299 87.794 -137.5679
1671.580114 87.849 -137.3080
1683.693072 87.905 -137.0476
1695.893807 87.962 -136.7879
1708.182952 88.019 -136.5301
1720.561150 88.078 -136.2713
1733.029045 88.138 -136.0124
1745.587288 88.200 -135.7577
1758.236533 88.263 -135.5082
1770.977440 88.327 -135.2621
1783.810673 88.392 -135.0179
1796.736900 88.459 -134.7745
1809.756796 88.528 -134.5323
1822.871040 88.598 -134.2939
1836.080315 88.669 -134.0608
1849.385310 88.742 -133.8329
1862.786718 88.816 -133.6110
1876.285239 88.892 -133.3954
1889.881575 88.970 -133.1847
1903.576436 89.048 -132.9780
1917.370535 89.129 -132.7769
1931.264593 89.211 -132.5829
1945.259332 89.294 -132.3967
1959.355483 89.379 -132.2186
1973.553781 89.466 -132.0484
1987.854965 89.555 -131.8873
2002.259781 89.646 -131.7353
2016.768981 89.738 -131.5927
2031.383320 89.832 -131.4614
2046.103561 89.928 -131.3425
2060.930471 90.025 -131.2366
2075.864823 90.124 -131.1446
2090.907395 90.225 -131.0673
2106.058972 90.327 -131.0054
2121.320344 90.431 -130.9590
2136.692305 90.537 -130.9278
2152.175658 90.643 -130.9137
2167.771210 90.751 -130.9189
2183.479774 90.861 -130.9443
2199.302169 90.972 -130.9894
2215.239219 91.083 -131.0549
2231.291755 91.196 -131.1429
2247.460615 91.309 -131.2546
2263.746641 91.423 -131.3902
2280.150683 91.538 -131.5495
2296.673595 91.653 -131.7324
2313.316238 91.769 -131.9392
2330.079481 91.884 -132.1706
2346.964198 91.999 -132.4275
2363.971268 92.114 -132.7099
2381.101578 92.228 -133.0170
2398.356022 92.341 -133.3476
2415.735498 92.453 -133.7014
2433.240913 92.564 -134.0782
2450.873180 92.674 -134.4763
2468.633217 92.783 -134.8939
2486.521951 92.892 -135.3318
2504.540314 93.000 -135.7919
2522.689246 93.107 -136.2747
2540.969692 93.214 -136.7808
2559.382606 93.321 -137.3110
2577.928947 93.427 -137.8660
2596.609683 93.534 -138.4479
2615.425787 93.641 -139.0618
2634.378241 93.747 -139.7121
2653.468031 93.853 -140.4019
2672.696154 93.957 -141.1344
2692.063613 94.060 -141.9127
2711.571415 94.159 -142.7408
2731.220579 94.256 -143.6214
2751.012130 94.349 -144.5557
2770.947098 94.436 -145.5436
2791.026522 94.517 -146.5838
2811.251451 94.591 -147.6740
2831.622938 94.657 -148.8113
2852.142045 94.714 -149.9929
2872.809842 94.760 -151.2140
2893.627406 94.795 -152.4680
2914.595823 94.818 -153.7479
2935.716186 94.829 -155.0464
2956.989596 94.828 -156.3563
2978.417161 94.814 -157.6696
3000.000000 94.787 -158.9783
3021.739237 94.748 -160.2758
3043.636005 94.696 -161.5543
3065.691446 94.633 -162.8047
3087.906710 94.558 -164.0197
3110.282955 94.472 -165.1944
3132.821347 94.376 -166.3237
3155.523062 94.270 -167.4030
3178.389283 94.156 -168.4285
3201.421202 94.034 -169.3969
3224.620020 93.904 -170.3053
3247.986946 93.769 -171.1519
3271.523198 93.629 -171.9356
3295.230004 93.484 -172.6561
3319.108599 93.336 -173.3134
3343.160228 93.185 -173.9074
3367.386145 93.031 -174.4377
3391.787613 92.876 -174.9050
3416.365904 92.720 -175.3113
3441.122300 92.564 -175.6595
3466.058091 92.407 -175.9508
3491.174576 92.252 -176.1860
3516.473066 92.097 -176.3669
3541.954880 91.943 -176.4950
3567.621345 91.792 -176.5728
3593.473800 91.643 -176.6030
3619.513592 91.496 -176.5869
3645.742080 91.351 -176.5250
3672.160630 91.210 -176.4188
3698.770620 91.072 -176.2718
3725.573436 90.937 -176.0874
3752.570477 90.806 -175.8665
3779.763150 90.680 -175.6109
3807.152872 90.557 -175.3242
3834.741071 90.440 -175.0086
3862.529185 90.327 -174.6661
3890.518664 90.220 -174.3008
3918.710966 90.117 -173.9176
3947.107561 90.020 -173.5211
3975.709929 89.927 -173.1144
4004.519563 89.838 -172.6996
4033.537962 89.754 -172.2768
4062.766641 89.674 -171.8476
4092.207123 89.596 -171.4152
4121.860942 89.522 -170.9817
4151.729646 89.451 -170.5466
4181.814790 89.383 -170.1099
4212.117944 89.317 -169.6720
4242.640687 89.254 -169.2323
4273.384610 89.192 -168.7912
4304.351317 89.133 -168.3486
4335.542421 89.074 -167.9017
4366.959549 89.017 -167.4465
4398.604338 88.961 -166.9785
4430.478438 88.906 -166.4944
4462.583511 88.853 -165.9897
4494.921231 88.804 -165.4611
4527.493283 88.759 -164.9103
4560.301365 88.719 -164.3421
4593.347189 88.685 -163.7613
4626.632476 88.658 -163.1742
4660.158962 88.637 -162.5893
4693.928395 88.623 -162.0159
4727.942535 88.615 -161.4601
4762.203156 88.613 -160.9251
4796.712043 88.616 -160.4135
4831.470996 88.624 -159.9263
4866.481826 88.635 -159.4638
4901.746360 88.649 -159.0277
4937.266434 88.667 -158.6183
4973.043902 88.688 -158.2341
5009.080628 88.712 -157.8750
5045.378492 88.740 -157.5403
5081.939384 88.771 -157.2300
5118.765212 88.806 -156.9469
5155.857894 88.845 -156.6964
5193.219366 88.889 -156.4857
5230.851574 88.939 -156.3216
5268.756481 88.992 -156.2118
5306.936062 89.051 -156.1669
5345.392309 89.112 -156.1992
5384.127225 89.175 -156.3208
5423.142830 89.237 -156.5414
5462.441159 89.297 -156.8702
5502.024259 89.350 -157.3128
5541.894195 89.394 -157.8657
5582.053045 89.424 -158.5165
5622.502902 89.438 -159.2475
5663.245876 89.431 -160.0367
5704.284090 89.404 -160.8574
5745.619684 89.356 -161.6817
5787.254813 89.286 -162.4824
5829.191647 89.197 -163.2324
5871.432373 89.092 -163.9102
5913.979192 88.972 -164.5018
5956.834323 88.841 -164.9988
6000.000000 88.702 -165.3959
6043.478473 88.558 -165.6892
6087.272010 88.412 -165.8802
6131.382892 88.266 -165.9743
6175.813420 88.123 -165.9767
6220.565910 87.985 -165.8923
6265.642695 87.853 -165.7278
6311.046124 87.728 -165.4932
6356.778566 87.612 -165.1996
6402.842404 87.506 -164.8565
6449.240040 87.410 -164.4715
6495.973891 87.324 -164.0513
6543.046396 87.250 -163.6035
6590.460007 87.188 -163.1368
6638.217197 87.139 -162.6611
6686.320456 87.102 -162.1882
6734.772290 87.078 -161.7286
6783.575226 87.068 -161.2898
6832.731809 87.070 -160.8790
6882.244600 87.086 -160.5071
6932.116181 87.114 -160.1863
6982.349153 87.155 -159.9281
7032.946133 87.208 -159.7425
7083.909760 87.272 -159.6387
7135.242690 87.347 -159.6286
7186.947600 87.432 -159.7253
7239.027185 87.524 -159.9405
7291.484160 87.622 -160.2858
7344.321260 87.725 -160.7725
7397.541239 87.829 -161.4112
7451.146872 87.931 -162.2122
7505.140954 88.029 -163.1843
7559.526299 88.118 -164.3324
7614.305743 88.193 -165.6553
7669.482141 88.250 -167.1423
7725.058371 88.285 -168.7771
7781.037328 88.293 -170.5426
7837.421932 88.270 -172.4171
7894.215122 88.215 -174.3704
7951.419859 88.122 -176.3664
8009.039125 87.993 -178.3646
8067.075924 87.825 179.6776
8125.533282 87.622 177.7999
8184.414245 87.386 176.0382
8243.721885 87.120 174.4234
8303.459292 86.830 172.9794
8363.629581 86.518 171.7224
8424.235888 86.192 170.6613
8485.281374 85.855 169.7998
8546.769221 85.512 169.1368
8608.702634 85.167 168.6647
8671.084842 84.824 168.3703
8733.919097 84.485 168.2388
8797.208675 84.153 168.2556
8860.956876 83.830 168.4033
8925.167022 83.518 168.6643
8989.842461 83.215 169.0231
9054.986566 82.924 169.4659
9120.602731 82.642 169.9821
9186.694378 82.370 170.5639
9253.264952 82.106 171.2087
9320.317925 81.851 171.9197
9387.856790 81.606 172.7010
9455.885071 81.374 173.5530
9524.406312 81.158 174.4648
9593.424086 80.961 175.4114
9662.941992 80.785 176.3630
9732.963653 80.630 177.2897
9803.492719 80.494 178.1632
9874.532869 80.375 178.9594
9946.087805 80.271 179.6605
10018.161257 80.177 -179.7460
10090.756983 80.092 -179.2683
10163.878768 80.012 -178.9094
10237.530423 79.936 -178.6717
10311.715789 79.860 -178.5556
10386.438732 79.780 -178.5579
10461.703149 79.694 -178.6699
10537.512962 79.597 -178.8650
10613.872125 79.490 -179.0903
10690.784618 79.379 -179.2853
10768.254450 79.278 -179.4447
10846.285661 79.195 -179.6579
10924.882318 79.124 179.9773
11004.048518 79.058 179.4420
11083.788390 78.990 178.7718
11164.106090 78.920 178.0013
11245.005805 78.851 177.1450
11326.491752 78.783 176.2002
11408.568180 78.719 175.1567
11491.239368 78.659 174.0026
11574.509626 78.601 172.7300
11658.383294 78.544 171.3364
11742.864745 78.487 169.8238
11827.958384 78.427 168.1970
11913.668646 78.363 166.4672
12000.000000 78.291 164.6509
12086.956947 78.208 162.7748
12174.544019 78.114 160.8848
12262.765784 78.011 159.0453
12351.626840 77.910 157.3157
12441.131819 77.824 155.7039
12531.285389 77.762 154.1490
12622.092249 77.728 152.5701
12713.557132 77.715 150.9194
12805.684808 77.719 149.1884
12898.480079 77.736 147.3879
12991.947783 77.764 145.5291
13086.092792 77.804 143.6128
13180.920015 77.856 141.6341
13276.434395 77.920 139.5885
13372.640911 77.996 137.4715
13469.544580 78.085 135.2671
13567.150452 78.184 132.9533
13665.463617 78.293 130.5131
13764.489200 78.410 127.9330
13864.232362 78.535 125.1924
13964.698305 78.665 122.2577
14065.892266 78.798 119.0953
14167.819519 78.928 115.6785
14270.485380 79.051 111.9869
14373.895200 79.161 108.0052
14478.054370 79.253 103.7211
14582.968320 79.319 99.1317
14688.642520 79.353 94.2449
14795.082478 79.349 89.0849
14902.293745 79.304 83.6964
15010.281908 79.223 78.1241
15119.052599 79.116 72.3749
15228.611486 78.995 66.4016
15338.964283 78.869 60.1173
15450.116741 78.743 53.3968
15562.074656 78.611 46.0817
15674.843864 78.445 38.0318
15788.430244 78.199 29.2387
15902.839718 77.826 19.9124
16018.078250 77.319 10.3875
16134.151848 76.713 0.8985
16251.066563 76.066 -8.5320
16368.828491 75.423 -18.0289
16487.443769 74.801 -27.7572
16606.918584 74.207 -37.8374
16727.259161 73.639 -48.3201
16848.471777 73.094 -59.1931
16970.562748 72.575 -70.4053
17093.538442 72.084 -81.9043
17217.405268 71.625 -93.6388
17342.169684 71.202 -105.5403
17467.838194 70.816 -117.5399
17594.417350 70.468 -129.6093
17721.913751 70.152 -141.7294
17850.334044 69.856 -153.8713
17979.684923 69.556 -166.0007
18109.973131 69.227 -178.0547
18241.205462 68.841 170.1128
18373.388756 68.388 158.8139
18506.529905 67.927 148.5453
18640.635849 67.689 139.7448
18775.713581 68.073 131.8772
18911.770141 69.200 122.5154
19048.812624 70.594 108.9055
19186.848172 71.700 90.5493
19325.883983 72.266 68.8713
19465.927305 72.299 45.4886
19606.985439 71.926 21.4167
19749.065738 71.319 -2.5774
19892.175609 70.702 -24.4820
20036.322514 70.323 -39.0111
