* Measurement data measured by REW V5.31.3
* Source: Headset (USB-C to 3.5mm Headphone Jack Adapter), MICROPHONE (Master Volume), R, volume: 0.250. Timing signal peak level -28.5 dBFS, measurement signal peak level -25.1 dBFS
* Format: 256k Log Swept Sine, 1 sweep at -12.0 dBFS using an acoustic timing reference
* Dated: Dec 6, 2025 3:53:27 AM
* REW Settings:
*  C-weighting compensation: Off
*  Target level: 75.0 dB
* Note: stock tips; Delay -0.0258 ms (-8.9 mm, -0.35 in) using estimated IR delay relative to Acoustic reference played from  L with no timing offset Clock adjustment: 1.5 ppm
* Measurement: L ZiiGaat Luna L Dec 6
* Smoothing: 1/24 octave
* Frequency Step: 96 ppo
* Start Frequency: 0.36621094 Hz
*
* Freq(Hz) SPL(dB) Phase(degrees)
0.366211 33.501 98.5631
0.368865 33.517 98.4203
0.371538 33.541 98.2115
0.374230 33.567 97.9711
0.376942 33.595 97.7146
0.379673 33.624 97.4476
0.382424 33.652 97.1717
0.385196 33.681 96.8876
0.387987 33.710 96.5951
0.390798 33.739 96.2944
0.393630 33.769 95.9853
0.396483 33.799 95.6677
0.399356 33.829 95.3416
0.402250 33.859 95.0070
0.405165 33.889 94.6637
0.408101 33.920 94.3118
0.411058 33.950 93.9511
0.414037 33.981 93.5816
0.417037 34.013 93.2032
0.420059 34.044 92.8160
0.423103 34.076 92.4199
0.426169 34.108 92.0148
0.429257 34.140 91.6008
0.432368 34.172 91.1779
0.435501 34.205 90.7459
0.438656 34.238 90.3050
0.441835 34.271 89.8552
0.445037 34.304 89.3965
0.448262 34.338 88.9288
0.451510 34.372 88.4523
0.454782 34.406 87.9670
0.458077 34.440 87.4729
0.461397 34.475 86.9701
0.464740 34.510 86.4587
0.468108 34.545 85.9388
0.471500 34.580 85.4105
0.474917 34.616 84.8739
0.478358 34.652 84.3291
0.481825 34.688 83.7763
0.485316 34.724 83.2155
0.488833 34.761 82.6470
0.492375 34.798 82.0710
0.495943 34.835 81.4875
0.499537 34.872 80.8969
0.503157 34.910 80.2992
0.506803 34.948 79.6948
0.510475 34.986 79.0838
0.514175 35.025 78.4665
0.517900 35.063 77.8432
0.521653 35.103 77.2141
0.525434 35.142 76.5794
0.529241 35.182 75.9395
0.533076 35.222 75.2946
0.536939 35.262 74.6451
0.540830 35.302 73.9912
0.544749 35.343 73.3333
0.548696 35.384 72.6716
0.552673 35.426 72.0066
0.556677 35.467 71.3385
0.560711 35.509 70.6677
0.564774 35.552 69.9945
0.568867 35.594 69.3192
0.572989 35.637 68.6423
0.577141 35.681 67.9640
0.581324 35.724 67.2846
0.585536 35.768 66.6046
0.589779 35.812 65.9243
0.594053 35.857 65.2440
0.598358 35.902 64.5640
0.602694 35.947 63.8847
0.607061 35.992 63.2064
0.611460 36.038 62.5294
0.615891 36.084 61.8541
0.620354 36.131 61.1807
0.624849 36.178 60.5095
0.629377 36.225 59.8409
0.633938 36.272 59.1751
0.638532 36.320 58.5123
0.643159 36.368 57.8529
0.647819 36.417 57.1971
0.652514 36.466 56.5450
0.657242 36.515 55.8971
0.662005 36.565 55.2533
0.666802 36.615 54.6141
0.671634 36.665 53.9795
0.676501 36.716 53.3497
0.681403 36.767 52.7249
0.686341 36.818 52.1052
0.691314 36.870 51.4908
0.696324 36.922 50.8819
0.701370 36.975 50.2784
0.706452 37.028 49.6803
0.711571 37.081 49.0873
0.716728 37.135 48.4979
0.721921 37.189 47.9073
0.727153 37.244 47.3029
0.732422 37.301 46.6587
0.737729 37.360 45.9450
0.743075 37.420 45.1835
0.748460 37.482 44.3963
0.753883 37.544 43.5947
0.759346 37.607 42.7837
0.764849 37.670 41.9652
0.770391 37.734 41.1402
0.775974 37.799 40.3092
0.781597 37.865 39.4730
0.787261 37.931 38.6318
0.792966 37.998 37.7864
0.798712 38.065 36.9371
0.804500 38.133 36.0844
0.810329 38.202 35.2288
0.816201 38.271 34.3706
0.822116 38.342 33.5103
0.828073 38.412 32.6483
0.834074 38.484 31.7848
0.840118 38.556 30.9203
0.846206 38.629 30.0550
0.852338 38.703 29.1892
0.858514 38.777 28.3230
0.864735 38.853 27.4569
0.871001 38.929 26.5908
0.877313 39.005 25.7251
0.883670 39.083 24.8597
0.890074 39.161 23.9947
0.896524 39.240 23.1304
0.903020 39.320 22.2665
0.909564 39.400 21.4033
0.916155 39.482 20.5405
0.922794 39.564 19.6782
0.929481 39.647 18.8163
0.936216 39.730 17.9546
0.943000 39.815 17.0930
0.949834 39.900 16.2314
0.956717 39.987 15.3694
0.963649 40.074 14.5069
0.970632 40.162 13.6435
0.977666 40.250 12.7792
0.984750 40.340 11.9134
0.991886 40.430 11.0458
0.999074 40.522 10.1762
1.006314 40.614 9.3041
1.013606 40.707 8.4291
1.020951 40.801 7.5507
1.028349 40.896 6.6686
1.035801 40.992 5.7822
1.043307 41.089 4.8910
1.050867 41.186 3.9946
1.058482 41.285 3.0923
1.066152 41.384 2.1836
1.073878 41.485 1.2679
1.081660 41.586 0.3447
1.089498 41.689 -0.5866
1.097393 41.792 -1.5260
1.105345 41.897 -2.4735
1.113355 42.003 -3.4281
1.121423 42.110 -4.3890
1.129549 42.219 -5.3554
1.137734 42.329 -6.3264
1.145979 42.441 -7.3014
1.154283 42.554 -8.2797
1.162647 42.668 -9.2604
1.171072 42.784 -10.2431
1.179558 42.901 -11.2270
1.188106 43.019 -12.2115
1.196715 43.139 -13.1961
1.205387 43.260 -14.1802
1.214122 43.382 -15.1633
1.222920 43.505 -16.1448
1.231782 43.630 -17.1244
1.240708 43.756 -18.1016
1.249699 43.883 -19.0760
1.258754 44.011 -20.0473
1.267876 44.140 -21.0151
1.277063 44.271 -21.9793
1.286318 44.402 -22.9394
1.295639 44.534 -23.8953
1.305027 44.668 -24.8469
1.314484 44.802 -25.7941
1.324009 44.937 -26.7366
1.333604 45.073 -27.6744
1.343268 45.210 -28.6076
1.353002 45.348 -29.5360
1.362806 45.486 -30.4597
1.372681 45.625 -31.3788
1.382628 45.765 -32.2933
1.392647 45.905 -33.2033
1.402739 46.045 -34.1090
1.412904 46.186 -35.0105
1.423142 46.327 -35.9080
1.433455 46.469 -36.8017
1.443843 46.611 -37.6916
1.454305 46.753 -38.5779
1.464844 46.895 -39.4600
1.475459 47.038 -40.3370
1.486150 47.182 -41.2079
1.496920 47.327 -42.0722
1.507767 47.472 -42.9297
1.518693 47.619 -43.7804
1.529698 47.766 -44.6247
1.540783 47.915 -45.4627
1.551948 48.064 -46.2947
1.563194 48.214 -47.1209
1.574521 48.365 -47.9417
1.585931 48.517 -48.7574
1.597423 48.669 -49.5684
1.608999 48.823 -50.3750
1.620658 48.977 -51.1776
1.632402 49.131 -51.9765
1.644232 49.287 -52.7723
1.656146 49.443 -53.5653
1.668147 49.599 -54.3559
1.680235 49.756 -55.1445
1.692411 49.914 -55.9316
1.704675 50.071 -56.7176
1.717028 50.230 -57.5029
1.729470 50.388 -58.2880
1.742003 50.547 -59.0733
1.754626 50.707 -59.8593
1.767341 50.866 -60.6463
1.780147 51.026 -61.4348
1.793047 51.185 -62.2253
1.806040 51.345 -63.0178
1.819128 51.505 -63.8125
1.832310 51.665 -64.6086
1.845587 51.824 -65.4046
1.858961 51.984 -66.1990
1.872432 52.145 -66.9907
1.886001 52.305 -67.7793
1.899667 52.465 -68.5643
1.913433 52.626 -69.3458
1.927299 52.787 -70.1235
1.941265 52.948 -70.8974
1.955332 53.110 -71.6675
1.969501 53.271 -72.4338
1.983773 53.433 -73.1964
1.998148 53.595 -73.9554
2.012627 53.757 -74.7108
2.027212 53.919 -75.4629
2.041902 54.081 -76.2119
2.056698 54.244 -76.9578
2.071602 54.407 -77.7010
2.086614 54.569 -78.4417
2.101734 54.732 -79.1801
2.116964 54.895 -79.9166
2.132304 55.058 -80.6514
2.147756 55.221 -81.3848
2.163320 55.385 -82.1172
2.178996 55.548 -82.8487
2.194786 55.711 -83.5792
2.210690 55.875 -84.3080
2.226710 56.038 -85.0342
2.242845 56.201 -85.7575
2.259098 56.364 -86.4774
2.275468 56.526 -87.1939
2.291957 56.689 -87.9070
2.308566 56.851 -88.6167
2.325295 57.013 -89.3231
2.342145 57.175 -90.0264
2.359117 57.337 -90.7265
2.376212 57.499 -91.4238
2.393431 57.661 -92.1182
2.410775 57.823 -92.8102
2.428244 57.984 -93.4998
2.445840 58.146 -94.1872
2.463564 58.308 -94.8728
2.481416 58.469 -95.5568
2.499397 58.631 -96.2394
2.517509 58.793 -96.9210
2.535752 58.955 -97.6016
2.554127 59.116 -98.2814
2.572635 59.278 -98.9601
2.591277 59.440 -99.6369
2.610055 59.601 -100.3115
2.628968 59.762 -100.9836
2.648019 59.923 -101.6531
2.667208 60.083 -102.3201
2.686535 60.243 -102.9847
2.706003 60.403 -103.6468
2.725612 60.562 -104.3068
2.745363 60.722 -104.9646
2.765257 60.881 -105.6204
2.785295 61.040 -106.2745
2.805478 61.199 -106.9269
2.825808 61.357 -107.5780
2.846285 61.516 -108.2278
2.866910 61.675 -108.8766
2.887685 61.834 -109.5247
2.908611 61.992 -110.1721
2.929688 62.151 -110.8187
2.950917 62.310 -111.4642
2.972301 62.468 -112.1082
2.993839 62.626 -112.7505
3.015534 62.783 -113.3908
3.037386 62.940 -114.0293
3.059396 63.097 -114.6659
3.081565 63.254 -115.3008
3.103896 63.410 -115.9340
3.126388 63.566 -116.5656
3.149043 63.722 -117.1959
3.171862 63.877 -117.8249
3.194847 64.033 -118.4528
3.217998 64.188 -119.0799
3.241317 64.344 -119.7062
3.264805 64.499 -120.3319
3.288463 64.654 -120.9571
3.312293 64.810 -121.5816
3.336295 64.964 -122.2049
3.360471 65.119 -122.8270
3.384822 65.273 -123.4476
3.409350 65.427 -124.0669
3.434056 65.580 -124.6849
3.458940 65.733 -125.3016
3.484005 65.886 -125.9173
3.509252 66.039 -126.5319
3.534681 66.191 -127.1458
3.560295 66.343 -127.7589
3.586094 66.495 -128.3716
3.612081 66.647 -128.9840
3.638255 66.799 -129.5962
3.664620 66.951 -130.2082
3.691175 67.103 -130.8197
3.717923 67.254 -131.4307
3.744864 67.405 -132.0408
3.772001 67.555 -132.6500
3.799335 67.705 -133.2585
3.826866 67.855 -133.8661
3.854597 68.004 -134.4730
3.882529 68.153 -135.0793
3.910664 68.302 -135.6851
3.939002 68.451 -136.2905
3.967546 68.600 -136.8958
3.996296 68.748 -137.5009
4.025255 68.896 -138.1060
4.054423 69.044 -138.7112
4.083804 69.192 -139.3161
4.113396 69.339 -139.9207
4.143204 69.486 -140.5250
4.173227 69.632 -141.1288
4.203468 69.778 -141.7321
4.233928 69.924 -142.3351
4.264609 70.069 -142.9376
4.295512 70.214 -143.5398
4.326639 70.359 -144.1418
4.357992 70.503 -144.7436
4.389572 70.648 -145.3454
4.421380 70.792 -145.9474
4.453419 70.935 -146.5494
4.485691 71.079 -147.1514
4.518196 71.221 -147.7534
4.550936 71.364 -148.3551
4.583914 71.505 -148.9565
4.617131 71.647 -149.5575
4.650589 71.788 -150.1581
4.684289 71.929 -150.7582
4.718233 72.069 -151.3579
4.752424 72.210 -151.9573
4.786862 72.350 -152.5566
4.821549 72.489 -153.1560
4.856488 72.628 -153.7555
4.891680 72.766 -154.3549
4.927127 72.904 -154.9541
4.962831 73.042 -155.5529
4.998794 73.179 -156.1511
5.035017 73.316 -156.7486
5.071503 73.452 -157.3455
5.108253 73.588 -157.9416
5.145270 73.724 -158.5373
5.182555 73.860 -159.1328
5.220110 73.994 -159.7283
5.257937 74.129 -160.3235
5.296038 74.263 -160.9184
5.334415 74.396 -161.5127
5.373071 74.529 -162.1063
5.412006 74.662 -162.6990
5.451224 74.794 -163.2908
5.490725 74.926 -163.8817
5.530514 75.058 -164.4720
5.570590 75.189 -165.0620
5.610957 75.320 -165.6517
5.651616 75.450 -166.2408
5.692570 75.580 -166.8294
5.733821 75.709 -167.4172
5.775370 75.838 -168.0042
5.817221 75.967 -168.5901
5.859375 76.096 -169.1752
5.901834 76.224 -169.7596
5.944602 76.351 -170.3435
5.987679 76.479 -170.9270
6.031068 76.605 -171.5100
6.074771 76.732 -172.0923
6.118792 76.858 -172.6739
6.163131 76.984 -173.2547
6.207792 77.109 -173.8346
6.252776 77.235 -174.4138
6.298086 77.359 -174.9926
6.343725 77.484 -175.5710
6.389694 77.608 -176.1489
6.435996 77.732 -176.7263
6.482634 77.855 -177.3031
6.529610 77.978 -177.8793
6.576926 78.101 -178.4548
6.624585 78.223 -179.0298
6.672590 78.345 -179.6045
6.720942 78.467 179.8211
6.769645 78.589 179.2470
6.818700 78.710 178.6733
6.868111 78.830 178.1001
6.917881 78.951 177.5274
6.968010 79.071 176.9551
7.018504 79.191 176.3830
7.069362 79.310 175.8111
7.120590 79.429 175.2394
7.172189 79.548 174.6678
7.224161 79.667 174.0966
7.276511 79.785 173.5256
7.329239 79.903 172.9549
7.382350 80.020 172.3843
7.435845 80.137 171.8137
7.489729 80.254 171.2430
7.544002 80.371 170.6724
7.598669 80.487 170.1017
7.653732 80.603 169.5311
7.709194 80.719 168.9603
7.765058 80.834 168.3894
7.821327 80.949 167.8182
7.878004 81.064 167.2467
7.935091 81.178 166.6749
7.992592 81.292 166.1028
8.050510 81.406 165.5302
8.108847 81.520 164.9572
8.167607 81.633 164.3835
8.226793 81.745 163.8092
8.286408 81.858 163.2343
8.346454 81.970 162.6588
8.406936 82.082 162.0828
8.467856 82.193 161.5059
8.529218 82.304 160.9281
8.591024 82.414 160.3495
8.653278 82.524 159.7701
8.715983 82.634 159.1902
8.779143 82.743 158.6097
8.842760 82.852 158.0285
8.906839 82.960 157.4464
8.971381 83.068 156.8635
9.036392 83.175 156.2801
9.101873 83.282 155.6965
9.167829 83.389 155.1126
9.234263 83.494 154.5283
9.301178 83.600 153.9435
9.368578 83.705 153.3585
9.436467 83.809 152.7735
9.504847 83.913 152.1887
9.573723 84.016 151.6040
9.643099 84.119 151.0194
9.712976 84.222 150.4348
9.783361 84.324 149.8503
9.854255 84.425 149.2663
9.925663 84.527 148.6826
9.997588 84.627 148.0991
10.070035 84.728 147.5158
10.143007 84.828 146.9326
10.216507 84.927 146.3496
10.290540 85.027 145.7668
10.365109 85.126 145.1839
10.440219 85.225 144.6009
10.515873 85.323 144.0177
10.592076 85.421 143.4343
10.668830 85.519 142.8505
10.746141 85.616 142.2662
10.824012 85.713 141.6815
10.902447 85.810 141.0963
10.981451 85.906 140.5105
11.061027 86.002 139.9241
11.141180 86.098 139.3370
11.221913 86.193 138.7494
11.303232 86.287 138.1614
11.385140 86.382 137.5729
11.467641 86.476 136.9840
11.550741 86.569 136.3947
11.634442 86.663 135.8050
11.718750 86.755 135.2152
11.803669 86.848 134.6253
11.889203 86.940 134.0351
11.975357 87.032 133.4446
12.062136 87.123 132.8539
12.149543 87.214 132.2628
12.237583 87.305 131.6714
12.326262 87.395 131.0793
12.415583 87.486 130.4863
12.505552 87.575 129.8923
12.596172 87.665 129.2971
12.687449 87.754 128.7006
12.779387 87.843 128.1027
12.871992 87.932 127.5029
12.965268 88.020 126.9015
13.059220 88.108 126.2984
13.153852 88.195 125.6940
13.249170 88.281 125.0882
13.345179 88.367 124.4811
13.441884 88.451 123.8734
13.539289 88.536 123.2658
13.637401 88.619 122.6585
13.736223 88.702 122.0519
13.835761 88.784 121.4467
13.936021 88.865 120.8438
14.037007 88.945 120.2432
14.138725 89.026 119.6451
14.241180 89.105 119.0499
14.344377 89.185 118.4576
14.448323 89.264 117.8679
14.553021 89.343 117.2802
14.658478 89.422 116.6938
14.764700 89.502 116.1081
14.871691 89.581 115.5222
14.979457 89.660 114.9348
15.088005 89.740 114.3448
15.197339 89.819 113.7518
15.307465 89.898 113.1550
15.418389 89.977 112.5538
15.530117 90.055 111.9481
15.642655 90.131 111.3386
15.756008 90.207 110.7264
15.870182 90.281 110.1122
15.985184 90.353 109.4978
16.101019 90.424 108.8859
16.217694 90.493 108.2783
16.335214 90.560 107.6768
16.453586 90.626 107.0840
16.572815 90.691 106.5020
16.692909 90.755 105.9314
16.813872 90.819 105.3727
16.935713 90.884 104.8262
17.058436 90.949 104.2905
17.182048 91.016 103.7628
17.306556 91.084 103.2406
17.431967 91.154 102.7206
17.558286 91.226 102.1979
17.685521 91.300 101.6685
17.813677 91.376 101.1291
17.942762 91.452 100.5758
18.072783 91.529 100.0061
18.203746 91.605 99.4192
18.335658 91.680 98.8153
18.468526 91.753 98.1954
18.602356 91.823 97.5627
18.737156 91.890 96.9218
18.872934 91.954 96.2762
19.009695 92.014 95.6320
19.147447 92.070 94.9946
19.286197 92.124 94.3678
19.425953 92.175 93.7558
19.566721 92.225 93.1613
19.708510 92.274 92.5846
19.851326 92.323 92.0252
19.995177 92.372 91.4812
20.140070 92.424 90.9484
20.286013 92.477 90.4226
20.433014 92.532 89.8990
20.581080 92.588 89.3725
20.730219 92.646 88.8396
20.880439 92.704 88.2973
21.031747 92.762 87.7441
21.184152 92.820 87.1803
21.337661 92.877 86.6073
21.492282 92.932 86.0274
21.648024 92.985 85.4442
21.804895 93.036 84.8607
21.962902 93.085 84.2802
22.122054 93.133 83.7050
22.282360 93.180 83.1365
22.443827 93.227 82.5749
22.606464 93.273 82.0196
22.770280 93.320 81.4689
22.935283 93.366 80.9211
23.101481 93.414 80.3739
23.268884 93.461 79.8257
23.437500 93.508 79.2754
23.607338 93.555 78.7226
23.778406 93.601 78.1678
23.950714 93.647 77.6118
24.124271 93.691 77.0559
24.299086 93.735 76.5015
24.475167 93.779 75.9495
24.652524 93.821 75.4005
24.831166 93.864 74.8544
25.011103 93.906 74.3108
25.192344 93.948 73.7689
25.374898 93.990 73.2274
25.558775 94.032 72.6856
25.743984 94.074 72.1428
25.930536 94.115 71.5988
26.118439 94.156 71.0539
26.307704 94.196 70.5086
26.498341 94.235 69.9641
26.690359 94.274 69.4210
26.883768 94.311 68.8806
27.078579 94.348 68.3433
27.274801 94.385 67.8098
27.472446 94.421 67.2800
27.671522 94.457 66.7537
27.872042 94.493 66.2304
28.074014 94.529 65.7091
28.277450 94.565 65.1887
28.482360 94.601 64.6681
28.688755 94.637 64.1461
28.896645 94.672 63.6219
29.106042 94.708 63.0951
29.316957 94.742 62.5660
29.529400 94.776 62.0355
29.743382 94.808 61.5050
29.958915 94.840 60.9764
30.176009 94.870 60.4514
30.394677 94.900 59.9312
30.614929 94.929 59.4159
30.836778 94.958 58.9047
31.060234 94.988 58.3962
31.285309 95.017 57.8881
31.512015 95.046 57.3785
31.740364 95.075 56.8664
31.970368 95.104 56.3518
32.202039 95.131 55.8361
32.435388 95.157 55.3217
32.670428 95.181 54.8110
32.907171 95.205 54.3060
33.145630 95.229 53.8076
33.385817 95.252 53.3151
33.627745 95.276 52.8266
33.871425 95.299 52.3396
34.116871 95.324 51.8520
34.364096 95.347 51.3627
34.613113 95.371 50.8716
34.863934 95.394 50.3802
35.116572 95.416 49.8899
35.371041 95.437 49.4023
35.627354 95.458 48.9176
35.885525 95.479 48.4352
36.145566 95.500 47.9536
36.407492 95.521 47.4713
36.671316 95.542 46.9877
36.937051 95.562 46.5030
37.204712 95.581 46.0189
37.474313 95.599 45.5373
37.745867 95.617 45.0596
38.019389 95.635 44.5861
38.294893 95.653 44.1158
38.572394 95.671 43.6468
38.851905 95.689 43.1771
39.133442 95.707 42.7056
39.417019 95.724 42.2326
39.702651 95.741 41.7596
39.990353 95.756 41.2888
40.280140 95.771 40.8218
40.572026 95.785 40.3596
40.866028 95.798 39.9018
41.162160 95.812 39.4475
41.460438 95.825 38.9955
41.760877 95.838 38.5451
42.063494 95.851 38.0961
42.368303 95.863 37.6482
42.675322 95.875 37.2005
42.984565 95.887 36.7517
43.296048 95.899 36.3007
43.609789 95.909 35.8469
43.925804 95.919 35.3918
44.244108 95.927 34.9385
44.564719 95.934 34.4912
44.887654 95.940 34.0527
45.212928 95.947 33.6232
45.540560 95.955 33.1994
45.870565 95.965 32.7751
46.202962 95.976 32.3435
46.537768 95.988 31.8999
46.875000 95.999 31.4445
47.214676 96.008 30.9824
47.556813 96.015 30.5221
47.901429 96.021 30.0708
48.248542 96.027 29.6312
48.598171 96.033 29.1998
48.950334 96.041 28.7695
49.305048 96.048 28.3349
49.662333 96.055 27.8968
50.022206 96.059 27.4632
50.384688 96.061 27.0445
50.749796 96.064 26.6456
51.117550 96.069 26.2602
51.487969 96.077 25.8719
51.861072 96.086 25.4634
52.236879 96.095 25.0272
52.615409 96.099 24.5714
52.996681 96.098 24.1143
53.380717 96.093 23.6737
53.767536 96.086 23.2571
54.157158 96.080 22.8598
54.549603 96.076 22.4716
54.944892 96.073 22.0835
55.343045 96.072 21.6908
55.744084 96.072 21.2909
56.148028 96.072 20.8821
56.554900 96.072 20.4663
56.964720 96.072 20.0503
57.377510 96.071 19.6411
57.793291 96.073 19.2362
58.212085 96.078 18.8185
58.633914 96.084 18.3685
59.058799 96.085 17.8851
59.486764 96.078 17.3978
59.917829 96.061 16.9525
60.352019 96.042 16.5802
60.789354 96.028 16.2711
61.229859 96.023 15.9825
61.673556 96.024 15.6719
62.120468 96.026 15.3253
62.570618 96.024 14.9584
63.024031 96.019 14.5917
63.480729 96.013 14.2316
63.940736 96.007 13.8712
64.404077 95.999 13.5050
64.870776 95.990 13.1367
65.340856 95.980 12.7725
65.814343 95.970 12.4128
66.291261 95.960 12.0521
66.771635 95.950 11.6863
67.255489 95.940 11.3169
67.742850 95.928 10.9482
68.233743 95.916 10.5833
68.728193 95.904 10.2235
69.226226 95.892 9.8705
69.727867 95.880 9.5233
70.233144 95.870 9.1768
70.742083 95.861 8.8223
71.254709 95.852 8.4537
71.771050 95.842 8.0730
72.291132 95.830 7.6898
72.814984 95.818 7.3124
73.342631 95.806 6.9381
73.874102 95.795 6.5527
74.409424 95.782 6.1465
74.948626 95.765 5.7325
75.491734 95.742 5.3441
76.038779 95.718 5.0067
76.589787 95.697 4.7135
77.144788 95.682 4.4331
77.703811 95.670 4.1395
78.266885 95.658 3.8295
78.834039 95.645 3.5117
79.405303 95.631 3.1904
79.980706 95.616 2.8644
80.560280 95.599 2.5351
81.144053 95.580 2.2059
81.732056 95.559 1.8799
82.324320 95.537 1.5603
82.920876 95.516 1.2510
83.521755 95.495 0.9505
84.126988 95.476 0.6505
84.736607 95.458 0.3436
85.350643 95.439 0.0304
85.969129 95.420 -0.2835
86.592097 95.400 -0.5939
87.219579 95.379 -0.9003
87.851608 95.357 -1.2054
88.488217 95.335 -1.5129
89.129439 95.312 -1.8234
89.775308 95.287 -2.1324
90.425856 95.261 -2.4351
91.081119 95.235 -2.7294
91.741131 95.211 -3.0168
92.405925 95.188 -3.3026
93.075536 95.168 -3.5964
93.750000 95.147 -3.9047
94.429351 95.123 -4.2200
95.113625 95.096 -4.5259
95.802858 95.067 -4.8107
96.497085 95.037 -5.0734
97.196342 95.008 -5.3234
97.900667 94.981 -5.5759
98.610096 94.955 -5.8442
99.324665 94.929 -6.1317
100.044413 94.902 -6.4310
100.769376 94.875 -6.7325
101.499592 94.848 -7.0354
102.235100 94.822 -7.3459
102.975938 94.793 -7.6582
103.722144 94.761 -7.9525
104.473757 94.727 -8.2175
105.230817 94.693 -8.4565
105.993363 94.658 -8.6762
106.761435 94.625 -8.8875
107.535072 94.594 -9.1094
108.314315 94.563 -9.3542
109.099206 94.531 -9.6174
109.889783 94.499 -9.8879
110.686090 94.467 -10.1567
111.488167 94.436 -10.4167
112.296056 94.407 -10.6676
113.109800 94.377 -10.9098
113.929440 94.345 -11.1293
114.755020 94.312 -11.3138
115.586582 94.280 -11.4815
116.424170 94.247 -11.6613
117.267827 94.211 -11.8572
118.117598 94.171 -12.0531
118.973527 94.132 -12.2465
119.835658 94.094 -12.4635
120.704037 94.056 -12.7179
121.578708 94.013 -12.9801
122.459718 93.969 -13.2163
123.347111 93.925 -13.4226
124.240935 93.884 -13.6127
125.141236 93.845 -13.8016
126.048061 93.807 -13.9974
126.961458 93.769 -14.2041
127.881473 93.731 -14.4178
128.808154 93.692 -14.6228
129.741551 93.653 -14.8117
130.681712 93.615 -14.9845
131.628686 93.576 -15.1339
132.582521 93.538 -15.2582
133.543269 93.500 -15.3748
134.510979 93.462 -15.5173
135.485701 93.419 -15.7001
136.467486 93.369 -15.8937
137.456386 93.316 -16.0687
138.452451 93.265 -16.2180
139.455735 93.218 -16.3494
140.466288 93.176 -16.4862
141.484165 93.135 -16.6440
142.509418 93.091 -16.8129
143.542100 93.042 -16.9730
144.582265 92.990 -17.1185
145.629968 92.941 -17.2587
146.685262 92.897 -17.4086
147.748204 92.861 -17.5851
148.818849 92.829 -17.7916
149.897251 92.799 -18.0259
150.983469 92.760 -18.2699
152.077557 92.705 -18.4153
153.179574 92.646 -18.3887
154.289576 92.592 -18.2799
155.407622 92.542 -18.1855
156.533770 92.492 -18.1406
157.668078 92.437 -18.1666
158.810606 92.373 -18.2375
159.961413 92.302 -18.2821
161.120559 92.233 -18.2905
162.288105 92.168 -18.3044
163.464112 92.106 -18.3281
164.648640 92.045 -18.3422
165.841752 91.987 -18.3427
167.043510 91.932 -18.3333
168.253976 91.880 -18.3104
169.473213 91.829 -18.2578
170.701286 91.778 -18.1609
171.938258 91.726 -18.0084
173.184194 91.673 -17.8092
174.439158 91.617 -17.5903
175.703216 91.559 -17.3778
176.976434 91.498 -17.1710
178.258878 91.440 -16.9546
179.550615 91.392 -16.7542
180.851713 91.354 -16.5460
182.162239 91.334 -16.2498
183.482262 91.343 -15.8726
184.811850 91.380 -15.5599
186.151073 91.425 -15.3833
187.500000 91.469 -15.2902
188.858702 91.507 -15.3237
190.227250 91.527 -15.5154
191.605715 91.523 -15.7679
192.994169 91.505 -15.9980
194.392685 91.487 -16.2266
195.801334 91.473 -16.4961
197.220191 91.465 -16.7668
198.649330 91.466 -16.9973
200.088825 91.473 -17.2604
201.538751 91.457 -17.5840
202.999184 91.407 -17.7395
204.470200 91.343 -17.6490
205.951875 91.282 -17.5310
207.444287 91.220 -17.5174
208.947514 91.154 -17.5956
210.461634 91.085 -17.7161
211.986726 91.017 -17.8284
213.522869 90.955 -17.8948
215.070144 90.901 -17.8947
216.628631 90.855 -17.8396
218.198411 90.814 -17.7758
219.779567 90.771 -17.7219
221.372180 90.722 -17.6776
222.976334 90.666 -17.6382
224.592112 90.606 -17.5704
226.219600 90.545 -17.4723
227.858880 90.486 -17.3806
229.510039 90.429 -17.3016
231.173164 90.373 -17.2319
232.848340 90.319 -17.1634
234.535655 90.268 -17.0740
236.235197 90.220 -16.9546
237.947054 90.174 -16.8180
239.671317 90.128 -16.6814
241.408074 90.082 -16.5502
243.157416 90.036 -16.4219
244.919435 89.989 -16.2910
246.694223 89.943 -16.1469
248.481871 89.897 -15.9830
250.282473 89.853 -15.8025
252.096123 89.811 -15.6131
253.922915 89.769 -15.4218
255.762945 89.728 -15.2335
257.616309 89.688 -15.0518
259.483103 89.647 -14.8720
261.363424 89.608 -14.6880
263.257372 89.570 -14.4995
265.165043 89.533 -14.3079
267.086538 89.497 -14.1148
269.021957 89.459 -13.9140
270.971401 89.418 -13.6874
272.934972 89.377 -13.4357
274.912771 89.336 -13.1782
276.904902 89.297 -12.9271
278.911469 89.261 -12.6807
280.932577 89.228 -12.4342
282.968330 89.194 -12.1789
285.018835 89.158 -11.9073
287.084199 89.121 -11.6218
289.164530 89.084 -11.3313
291.259935 89.049 -11.0353
293.370525 89.014 -10.7229
295.496408 88.980 -10.3872
297.637697 88.949 -10.0401
299.794503 88.922 -9.7061
301.966937 88.901 -9.4008
304.155114 88.884 -9.0965
306.359147 88.871 -8.7613
308.579152 88.861 -8.3969
310.815244 88.855 -8.0277
313.067539 88.851 -7.6763
315.336156 88.850 -7.3422
317.621211 88.852 -7.0197
319.922826 88.854 -6.7213
322.241118 88.856 -6.4750
324.576210 88.855 -6.2797
326.928223 88.852 -6.1069
329.297280 88.846 -5.9386
331.683504 88.839 -5.7742
334.087019 88.828 -5.6111
336.507952 88.815 -5.4423
338.946427 88.800 -5.2620
341.402572 88.785 -5.0668
343.876516 88.770 -4.8561
346.368387 88.756 -4.6300
348.878315 88.742 -4.3925
351.406431 88.729 -4.1494
353.952867 88.716 -3.9003
356.517756 88.704 -3.6405
359.101230 88.693 -3.3690
361.703426 88.683 -3.0875
364.324478 88.675 -2.7910
366.964523 88.667 -2.4802
369.623699 88.659 -2.1868
372.302145 88.650 -1.9458
375.000000 88.640 -1.7319
377.717405 88.632 -1.5037
380.454501 88.625 -1.2532
383.211431 88.619 -0.9906
385.988339 88.613 -0.7238
388.785369 88.609 -0.4553
391.602668 88.606 -0.1871
394.440383 88.604 0.0795
397.298660 88.603 0.3418
400.177650 88.602 0.6018
403.077502 88.602 0.8629
405.998368 88.603 1.1239
408.940400 88.604 1.3809
411.903750 88.606 1.6292
414.888575 88.608 1.8652
417.895028 88.611 2.0976
420.923268 88.614 2.3503
423.973452 88.617 2.6296
427.045738 88.621 2.9128
430.140287 88.626 3.1844
433.257261 88.631 3.4455
436.396822 88.637 3.7004
439.559133 88.643 3.9495
442.744360 88.651 4.1932
445.952668 88.658 4.4346
449.184225 88.666 4.6779
452.439199 88.675 4.9235
455.717760 88.683 5.1672
459.020079 88.691 5.4095
462.346327 88.700 5.6508
465.696680 88.709 5.8884
469.071310 88.719 6.1211
472.470394 88.729 6.3521
475.894109 88.739 6.5829
479.342634 88.750 6.8132
482.816148 88.761 7.0444
486.314833 88.773 7.2750
489.838871 88.785 7.5016
493.388445 88.797 7.7231
496.963741 88.810 7.9404
500.564945 88.822 8.1557
504.192245 88.835 8.3705
507.845830 88.847 8.5850
511.525890 88.860 8.7995
515.232618 88.874 9.0131
518.966206 88.888 9.2248
522.726849 88.902 9.4347
526.514743 88.917 9.6416
530.330086 88.932 9.8434
534.173076 88.947 10.0406
538.043915 88.962 10.2371
541.942803 88.977 10.4395
545.869944 88.993 10.6467
549.825542 89.008 10.8522
553.809805 89.024 11.0518
557.822939 89.040 11.2462
561.865154 89.056 11.4381
565.936660 89.073 11.6304
570.037671 89.090 11.8221
574.168399 89.106 12.0126
578.329060 89.123 12.2017
582.519870 89.139 12.3884
586.741049 89.157 12.5726
590.992817 89.174 12.7545
595.275394 89.192 12.9358
599.589005 89.211 13.1171
603.933874 89.229 13.2961
608.310228 89.247 13.4725
612.718295 89.266 13.6466
617.158304 89.284 13.8192
621.630488 89.303 13.9910
626.135079 89.321 14.1616
630.672311 89.339 14.3308
635.242423 89.358 14.5004
639.845651 89.376 14.6696
644.482237 89.396 14.8362
649.152421 89.415 14.9995
653.856447 89.436 15.1581
658.594560 89.456 15.3170
663.367008 89.474 15.4866
668.174039 89.493 15.6611
673.015903 89.512 15.8294
677.892854 89.531 15.9901
682.805145 89.551 16.1465
687.753032 89.571 16.3019
692.736774 89.591 16.4569
697.756631 89.611 16.6111
702.812863 89.631 16.7656
707.905735 89.651 16.9199
713.035511 89.671 17.0734
718.202461 89.691 17.2275
723.406852 89.712 17.3817
728.648956 89.733 17.5335
733.929047 89.754 17.6812
739.247399 89.775 17.8257
744.604290 89.796 17.9704
750.000000 89.817 18.1177
755.434809 89.837 18.2653
760.909001 89.858 18.4111
766.422861 89.880 18.5567
771.976677 89.902 18.7035
777.570739 89.924 18.8501
783.205337 89.946 18.9940
788.880766 89.966 19.1360
794.597321 89.986 19.2780
800.355301 90.006 19.4205
806.155005 90.027 19.5627
811.996736 90.049 19.7039
817.880799 90.070 19.8443
823.807501 90.092 19.9844
829.777150 90.114 20.1243
835.790057 90.136 20.2629
841.846536 90.159 20.4010
847.946903 90.181 20.5409
854.091476 90.203 20.6827
860.280575 90.225 20.8235
866.514523 90.248 20.9622
872.793644 90.270 21.0997
879.118267 90.291 21.2380
885.488720 90.313 21.3799
891.905336 90.336 21.5255
898.368450 90.358 21.6699
904.878398 90.382 21.8060
911.435520 90.405 21.9362
918.040157 90.429 22.0667
924.692655 90.453 22.2014
931.393359 90.476 22.3406
938.142619 90.500 22.4814
944.940787 90.524 22.6208
951.788218 90.548 22.7588
958.685268 90.572 22.8973
965.632296 90.597 23.0364
972.629666 90.621 23.1758
979.677741 90.646 23.3146
986.776890 90.671 23.4529
993.927482 90.696 23.5913
1001.129891 90.721 23.7289
1008.384491 90.747 23.8649
1015.691660 90.772 24.0002
1023.051781 90.798 24.1378
1030.465236 90.823 24.2772
1037.932411 90.849 24.4155
1045.453698 90.875 24.5532
1053.029486 90.902 24.6915
1060.660172 90.929 24.8310
1068.346153 90.956 24.9712
1076.087829 90.984 25.1105
1083.885605 91.012 25.2483
1091.739887 91.040 25.3854
1099.651084 91.068 25.5228
1107.619609 91.096 25.6613
1115.645878 91.124 25.8003
1123.730308 91.152 25.9388
1131.873321 91.181 26.0764
1140.075341 91.210 26.2126
1148.336797 91.240 26.3470
1156.658119 91.271 26.4811
1165.039741 91.301 26.6175
1173.482099 91.332 26.7562
1181.985634 91.364 26.8955
1190.550789 91.395 27.0342
1199.178011 91.427 27.1716
1207.867749 91.459 27.3074
1216.620457 91.492 27.4425
1225.436590 91.524 27.5778
1234.316609 91.557 27.7130
1243.260976 91.591 27.8481
1252.270157 91.624 27.9830
1261.344623 91.659 28.1166
1270.484846 91.693 28.2482
1279.691303 91.728 28.3792
1288.964474 91.763 28.5101
1298.304842 91.799 28.6402
1307.712894 91.836 28.7692
1317.189120 91.872 28.8980
1326.734016 91.910 29.0272
1336.348077 91.948 29.1558
1346.031806 91.986 29.2830
1355.785708 92.025 29.4098
1365.610290 92.064 29.5360
1375.506065 92.104 29.6608
1385.473549 92.144 29.7829
1395.513261 92.184 29.9025
1405.625726 92.224 30.0213
1415.811469 92.265 30.1399
1426.071023 92.307 30.2576
1436.404921 92.349 30.3732
1446.813703 92.392 30.4861
1457.297912 92.436 30.5972
1467.858093 92.480 30.7071
1478.494798 92.525 30.8147
1489.208581 92.570 30.9196
1500.000000 92.616 31.0231
1510.869618 92.662 31.1264
1521.818002 92.709 31.2284
1532.845723 92.757 31.3274
1543.953355 92.805 31.4225
1555.141477 92.853 31.5136
1566.410674 92.902 31.6013
1577.761531 92.952 31.6858
1589.194642 93.002 31.7674
1600.710601 93.053 31.8462
1612.310010 93.105 31.9220
1623.993473 93.158 31.9944
1635.761599 93.212 32.0637
1647.615002 93.266 32.1301
1659.554299 93.321 32.1926
1671.580114 93.376 32.2506
1683.693072 93.432 32.3033
1695.893807 93.488 32.3510
1708.182952 93.545 32.3941
1720.561150 93.603 32.4322
1733.029045 93.662 32.4650
1745.587288 93.721 32.4920
1758.236533 93.781 32.5130
1770.977440 93.842 32.5280
1783.810673 93.904 32.5365
1796.736900 93.966 32.5381
1809.756796 94.029 32.5325
1822.871040 94.092 32.5192
1836.080315 94.156 32.4980
1849.385310 94.221 32.4692
1862.786718 94.287 32.4330
1876.285239 94.353 32.3892
1889.881575 94.419 32.3368
1903.576436 94.486 32.2746
1917.370535 94.554 32.2021
1931.264593 94.623 32.1192
1945.259332 94.692 32.0258
1959.355483 94.761 31.9219
1973.553781 94.831 31.8067
1987.854965 94.902 31.6794
2002.259781 94.972 31.5395
2016.768981 95.043 31.3867
2031.383320 95.115 31.2209
2046.103561 95.186 31.0417
2060.930471 95.258 30.8483
2075.864823 95.329 30.6394
2090.907395 95.401 30.4150
2106.058972 95.473 30.1761
2121.320344 95.544 29.9220
2136.692305 95.616 29.6509
2152.175658 95.687 29.3624
2167.771210 95.757 29.0563
2183.479774 95.827 28.7324
2199.302169 95.895 28.3901
2215.239219 95.963 28.0292
2231.291755 96.030 27.6501
2247.460615 96.096 27.2520
2263.746641 96.160 26.8333
2280.150683 96.223 26.3944
2296.673595 96.283 25.9360
2313.316238 96.342 25.4576
2330.079481 96.399 24.9594
2346.964198 96.453 24.4413
2363.971268 96.504 23.9041
2381.101578 96.552 23.3482
2398.356022 96.597 22.7740
2415.735498 96.638 22.1827
2433.240913 96.676 21.5759
2450.873180 96.709 20.9542
2468.633217 96.738 20.3188
2486.521951 96.762 19.6715
2504.540314 96.781 19.0146
2522.689246 96.796 18.3512
2540.969692 96.805 17.6843
2559.382606 96.809 17.0164
2577.928947 96.808 16.3488
2596.609683 96.802 15.6828
2615.425787 96.791 15.0229
2634.378241 96.774 14.3738
2653.468031 96.753 13.7384
2672.696154 96.727 13.1184
2692.063613 96.697 12.5146
2711.571415 96.663 11.9280
2731.220579 96.626 11.3602
2751.012130 96.586 10.8131
2770.947098 96.543 10.2858
2791.026522 96.499 9.7772
2811.251451 96.452 9.2866
2831.622938 96.404 8.8118
2852.142045 96.354 8.3511
2872.809842 96.303 7.9025
2893.627406 96.250 7.4645
2914.595823 96.196 7.0365
2935.716186 96.140 6.6184
2956.989596 96.082 6.2094
2978.417161 96.022 5.8101
3000.000000 95.959 5.4228
3021.739237 95.894 5.0485
3043.636005 95.826 4.6880
3065.691446 95.756 4.3438
3087.906710 95.683 4.0185
3110.282955 95.608 3.7134
3132.821347 95.530 3.4299
3155.523062 95.451 3.1697
3178.389283 95.369 2.9336
3201.421202 95.286 2.7215
3224.620020 95.202 2.5346
3247.986946 95.116 2.3744
3271.523198 95.029 2.2415
3295.230004 94.941 2.1362
3319.108599 94.853 2.0594
3343.160228 94.764 2.0124
3367.386145 94.675 1.9953
3391.787613 94.585 2.0088
3416.365904 94.496 2.0540
3441.122300 94.407 2.1308
3466.058091 94.318 2.2393
3491.174576 94.231 2.3796
3516.473066 94.145 2.5523
3541.954880 94.060 2.7570
3567.621345 93.977 2.9941
3593.473800 93.896 3.2646
3619.513592 93.817 3.5687
3645.742080 93.742 3.9053
3672.160630 93.669 4.2737
3698.770620 93.600 4.6744
3725.573436 93.536 5.1073
3752.570477 93.476 5.5712
3779.763150 93.422 6.0643
3807.152872 93.374 6.5838
3834.741071 93.333 7.1268
3862.529185 93.298 7.6896
3890.518664 93.272 8.2672
3918.710966 93.254 8.8539
3947.107561 93.245 9.4433
3975.709929 93.245 10.0276
4004.519563 93.254 10.5980
4033.537962 93.271 11.1460
4062.766641 93.297 11.6639
4092.207123 93.330 12.1440
4121.860942 93.370 12.5792
4151.729646 93.416 12.9636
4181.814790 93.465 13.2941
4212.117944 93.518 13.5695
4242.640687 93.572 13.7895
4273.384610 93.626 13.9558
4304.351317 93.679 14.0718
4335.542421 93.731 14.1417
4366.959549 93.781 14.1703
4398.604338 93.828 14.1624
4430.478438 93.873 14.1215
4462.583511 93.915 14.0510
4494.921231 93.955 13.9543
4527.493283 93.992 13.8348
4560.301365 94.026 13.6946
4593.347189 94.058 13.5338
4626.632476 94.088 13.3525
4660.158962 94.115 13.1505
4693.928395 94.140 12.9268
4727.942535 94.162 12.6807
4762.203156 94.181 12.4115
4796.712043 94.197 12.1193
4831.470996 94.211 11.8037
4866.481826 94.221 11.4637
4901.746360 94.226 11.0977
4937.266434 94.228 10.7055
4973.043902 94.224 10.2878
5009.080628 94.216 9.8443
5045.378492 94.201 9.3751
5081.939384 94.180 8.8821
5118.765212 94.151 8.3679
5155.857894 94.113 7.8344
5193.219366 94.067 7.2833
5230.851574 94.010 6.7170
5268.756481 93.942 6.1400
5306.936062 93.862 5.5574
5345.392309 93.770 4.9714
5384.127225 93.663 4.3797
5423.142830 93.539 3.7822
5462.441159 93.392 3.1937
5502.024259 93.216 2.6501
5541.894195 93.005 2.2168
5582.053045 92.758 2.0017
5622.502902 92.480 2.1559
5663.245876 92.194 2.8286
5704.284090 91.938 4.0615
5745.619684 91.754 5.6899
5787.254813 91.656 7.3890
5829.191647 91.630 8.8644
5871.432373 91.643 9.9899
5913.979192 91.664 10.7950
5956.834323 91.675 11.3833
6000.000000 91.670 11.8652
6043.478473 91.650 12.3224
6087.272010 91.619 12.8025
6131.382892 91.584 13.3260
6175.813420 91.549 13.8966
6220.565910 91.517 14.5085
6265.642695 91.492 15.1521
6311.046124 91.473 15.8156
6356.778566 91.463 16.4871
6402.842404 91.462 17.1553
6449.240040 91.469 17.8091
6495.973891 91.484 18.4391
6543.046396 91.507 19.0376
6590.460007 91.537 19.5984
6638.217197 91.573 20.1163
6686.320456 91.613 20.5902
6734.772290 91.656 21.0255
6783.575226 91.704 21.4312
6832.731809 91.758 21.8118
6882.244600 91.824 22.1497
6932.116181 91.901 22.3889
6982.349153 91.984 22.4588
7032.946133 92.056 22.3479
7083.909760 92.108 22.1357
7135.242690 92.140 21.9204
7186.947600 92.161 21.7517
7239.027185 92.177 21.6323
7291.484160 92.193 21.5461
7344.321260 92.211 21.4741
7397.541239 92.234 21.4013
7451.146872 92.261 21.3161
7505.140954 92.292 21.2087
7559.526299 92.329 21.0687
7614.305743 92.372 20.8845
7669.482141 92.419 20.6437
7725.058371 92.471 20.3337
7781.037328 92.527 19.9410
7837.421932 92.585 19.4524
7894.215122 92.643 18.8563
7951.419859 92.700 18.1439
8009.039125 92.752 17.3073
8067.075924 92.796 16.3405
8125.533282 92.830 15.2421
8184.414245 92.849 14.0179
8243.721885 92.851 12.6791
8303.459292 92.831 11.2388
8363.629581 92.787 9.7152
8424.235888 92.716 8.1318
8485.281374 92.617 6.5165
8546.769221 92.487 4.9009
8608.702634 92.328 3.3164
8671.084842 92.140 1.7935
8733.919097 91.926 0.3605
8797.208675 91.687 -0.9568
8860.956876 91.426 -2.1372
8925.167022 91.149 -3.1656
8989.842461 90.858 -4.0310
9054.986566 90.556 -4.7261
9120.602731 90.249 -5.2481
9186.694378 89.939 -5.5986
9253.264952 89.630 -5.7808
9320.317925 89.325 -5.8008
9387.856790 89.027 -5.6685
9455.885071 88.737 -5.3938
9524.406312 88.459 -4.9868
9593.424086 88.193 -4.4583
9662.941992 87.942 -3.8194
9732.963653 87.707 -3.0828
9803.492719 87.489 -2.2634
9874.532869 87.288 -1.3752
9946.087805 87.106 -0.4282
10018.161257 86.943 0.5686
10090.756983 86.801 1.6036
10163.878768 86.678 2.6615
10237.530423 86.577 3.7273
10311.715789 86.496 4.7878
10386.438732 86.436 5.8302
10461.703149 86.396 6.8394
10537.512962 86.375 7.7997
10613.872125 86.373 8.6948
10690.784618 86.388 9.5077
10768.254450 86.418 10.2234
10846.285661 86.460 10.8360
10924.882318 86.513 11.3504
11004.048518 86.575 11.7745
11083.788390 86.649 12.1034
11164.106090 86.737 12.3032
11245.005805 86.836 12.3207
11326.491752 86.936 12.1226
11408.568180 87.028 11.7260
11491.239368 87.105 11.1804
11574.509626 87.170 10.5305
11658.383294 87.223 9.7910
11742.864745 87.264 8.9634
11827.958384 87.291 8.0640
11913.668646 87.302 7.1264
12000.000000 87.300 6.1901
12086.956947 87.291 5.2842
12174.544019 87.283 4.4166
12262.765784 87.284 3.5699
12351.626840 87.302 2.7040
12441.131819 87.339 1.7618
12531.285389 87.398 0.6790
12622.092249 87.476 -0.6058
12713.557132 87.565 -2.1398
12805.684808 87.660 -3.9533
12898.480079 87.750 -6.0583
12991.947783 87.829 -8.4437
13086.092792 87.889 -11.0785
13180.920015 87.926 -13.9232
13276.434395 87.941 -16.9370
13372.640911 87.933 -20.0812
13469.544580 87.907 -23.3230
13567.150452 87.866 -26.6370
13665.463617 87.817 -30.0088
13764.489200 87.767 -33.4333
13864.232362 87.724 -36.9163
13964.698305 87.696 -40.4789
14065.892266 87.692 -44.1622
14167.819519 87.719 -48.0286
14270.485380 87.779 -52.1580
14373.895200 87.872 -56.6429
14478.054370 87.987 -61.5796
14582.968320 88.105 -67.0410
14688.642520 88.196 -73.0257
14795.082478 88.229 -79.3965
14902.293745 88.199 -85.8951
15010.281908 88.145 -92.3484
15119.052599 88.106 -98.8800
15228.611486 88.077 -105.7140
15338.964283 88.023 -112.8995
15450.116741 87.917 -120.3265
15562.074656 87.753 -127.8478
15674.843864 87.536 -135.3426
15788.430244 87.279 -142.7316
15902.839718 86.996 -149.9777
16018.078250 86.703 -157.0792
16134.151848 86.411 -164.0641
16251.066563 86.129 -170.9903
16368.828491 85.860 -177.9236
16487.443769 85.602 175.0908
16606.918584 85.352 168.0313
16727.259161 85.110 160.8918
16848.471777 84.882 153.6786
16970.562748 84.685 146.3821
17093.538442 84.547 138.9110
17217.405268 84.492 131.0463
17342.169684 84.522 122.4785
17467.838194 84.604 112.9311
17594.417350 84.682 102.2811
17721.913751 84.707 90.5767
17850.334044 84.652 77.9607
17979.684923 84.518 64.5641
18109.973131 84.319 50.4296
18241.205462 84.074 35.5028
18373.388756 83.790 19.6772
18506.529905 83.462 2.8472
18640.635849 83.086 -15.0683
18775.713581 82.665 -34.1544
18911.770141 82.208 -54.5397
19048.812624 81.708 -76.3799
19186.848172 81.139 -99.7649
19325.883983 80.476 -124.6882
19465.927305 79.714 -151.1216
19606.985439 78.878 -179.0461
19749.065738 78.031 152.0258
19892.175609 77.303 124.9321
20036.322514 76.885 107.0037
