* Measurement data measured by REW V5.31.3
* Source: Headset (USB-C to 3.5mm Headphone Jack Adapter), MICROPHONE (Master Volume), R, volume: 0.250. Timing signal peak level -28.6 dBFS, measurement signal peak level -25.2 dBFS
* Format: 256k Log Swept Sine, 1 sweep at -12.0 dBFS using an acoustic timing reference
* Dated: Dec 6, 2025 3:54:40 AM
* REW Settings:
*  C-weighting compensation: Off
*  Target level: 75.0 dB
* Note: stock tips; Delay -0.0240 ms (-8.2 mm, -0.32 in) using estimated IR delay relative to Acoustic reference played from  R with no timing offset Clock adjustment: 1.7 ppm
* Measurement: R ZiiGaat Luna R Dec 6
* Smoothing: 1/24 octave
* Frequency Step: 96 ppo
* Start Frequency: 0.36621094 Hz
*
* Freq(Hz) SPL(dB) Phase(degrees)
0.366211 35.389 133.8600
0.368865 35.381 133.7716
0.371538 35.371 133.6420
0.374230 35.359 133.4922
0.376942 35.346 133.3317
0.379673 35.333 133.1637
0.382424 35.320 132.9894
0.385196 35.307 132.8089
0.387987 35.294 132.6222
0.390798 35.281 132.4292
0.393630 35.268 132.2296
0.396483 35.254 132.0234
0.399356 35.241 131.8103
0.402250 35.227 131.5903
0.405165 35.214 131.3631
0.408101 35.200 131.1287
0.411058 35.186 130.8867
0.414037 35.172 130.6370
0.417037 35.158 130.3795
0.420059 35.144 130.1138
0.423103 35.129 129.8399
0.426169 35.115 129.5576
0.429257 35.100 129.2665
0.432368 35.086 128.9666
0.435501 35.071 128.6575
0.438656 35.056 128.3390
0.441835 35.041 128.0110
0.445037 35.026 127.6731
0.448262 35.011 127.3252
0.451510 34.996 126.9669
0.454782 34.980 126.5981
0.458077 34.965 126.2184
0.461397 34.949 125.8276
0.464740 34.934 125.4254
0.468108 34.918 125.0116
0.471500 34.902 124.5858
0.474917 34.886 124.1477
0.478358 34.869 123.6972
0.481825 34.853 123.2338
0.485316 34.837 122.7573
0.488833 34.820 122.2673
0.492375 34.804 121.7637
0.495943 34.787 121.2460
0.499537 34.770 120.7139
0.503157 34.753 120.1672
0.506803 34.736 119.6055
0.510475 34.719 119.0285
0.514175 34.701 118.4359
0.517900 34.684 117.8274
0.521653 34.666 117.2028
0.525434 34.648 116.5616
0.529241 34.630 115.9037
0.533076 34.612 115.2288
0.536939 34.594 114.5366
0.540830 34.576 113.8268
0.544749 34.557 113.0992
0.548696 34.539 112.3537
0.552673 34.520 111.5899
0.556677 34.501 110.8078
0.560711 34.482 110.0072
0.564774 34.463 109.1880
0.568867 34.444 108.3501
0.572989 34.425 107.4935
0.577141 34.405 106.6181
0.581324 34.386 105.7239
0.585536 34.366 104.8111
0.589779 34.346 103.8798
0.594053 34.326 102.9301
0.598358 34.305 101.9622
0.602694 34.285 100.9765
0.607061 34.265 99.9732
0.611460 34.244 98.9528
0.615891 34.223 97.9157
0.620354 34.202 96.8624
0.624849 34.181 95.7935
0.629377 34.160 94.7097
0.633938 34.138 93.6116
0.638532 34.117 92.5001
0.643159 34.095 91.3759
0.647819 34.073 90.2399
0.652514 34.051 89.0932
0.657242 34.029 87.9366
0.662005 34.006 86.7713
0.666802 33.984 85.5983
0.671634 33.961 84.4188
0.676501 33.938 83.2339
0.681403 33.915 82.0448
0.686341 33.892 80.8528
0.691314 33.869 79.6590
0.696324 33.845 78.4646
0.701370 33.821 77.2710
0.706452 33.797 76.0792
0.711571 33.774 74.8901
0.716728 33.750 73.7037
0.721921 33.728 72.5176
0.727153 33.712 71.3224
0.732422 33.707 70.0963
0.737729 33.721 68.8097
0.743075 33.749 67.4708
0.748460 33.784 66.0934
0.753883 33.824 64.6862
0.759346 33.868 63.2539
0.764849 33.916 61.7995
0.770391 33.966 60.3253
0.775974 34.020 58.8335
0.781597 34.077 57.3262
0.787261 34.137 55.8056
0.792966 34.200 54.2741
0.798712 34.267 52.7340
0.804500 34.336 51.1874
0.810329 34.409 49.6368
0.816201 34.484 48.0843
0.822116 34.563 46.5322
0.828073 34.645 44.9826
0.834074 34.729 43.4374
0.840118 34.817 41.8986
0.846206 34.908 40.3680
0.852338 35.001 38.8472
0.858514 35.097 37.3378
0.864735 35.197 35.8410
0.871001 35.299 34.3581
0.877313 35.403 32.8901
0.883670 35.511 31.4379
0.890074 35.620 30.0022
0.896524 35.733 28.5836
0.903020 35.848 27.1826
0.909564 35.965 25.7993
0.916155 36.085 24.4340
0.922794 36.207 23.0866
0.929481 36.331 21.7572
0.936216 36.457 20.4454
0.943000 36.585 19.1511
0.949834 36.715 17.8737
0.956717 36.847 16.6130
0.963649 36.980 15.3683
0.970632 37.115 14.1390
0.977666 37.252 12.9244
0.984750 37.389 11.7240
0.991886 37.528 10.5368
0.999074 37.668 9.3622
1.006314 37.809 8.1993
1.013606 37.951 7.0473
1.020951 38.093 5.9053
1.028349 38.236 4.7724
1.035801 38.379 3.6477
1.043307 38.522 2.5303
1.050867 38.665 1.4193
1.058482 38.807 0.3138
1.066152 38.949 -0.7871
1.073878 39.091 -1.8844
1.081660 39.232 -2.9788
1.089498 39.371 -4.0710
1.097393 39.511 -5.1608
1.105345 39.651 -6.2473
1.113355 39.792 -7.3288
1.121423 39.936 -8.4038
1.129549 40.082 -9.4715
1.137734 40.231 -10.5310
1.145979 40.382 -11.5819
1.154283 40.535 -12.6237
1.162647 40.691 -13.6560
1.171072 40.849 -14.6785
1.179558 41.009 -15.6910
1.188106 41.172 -16.6932
1.196715 41.336 -17.6849
1.205387 41.503 -18.6661
1.214122 41.671 -19.6367
1.222920 41.841 -20.5966
1.231782 42.013 -21.5459
1.240708 42.187 -22.4847
1.249699 42.362 -23.4130
1.258754 42.539 -24.3310
1.267876 42.717 -25.2388
1.277063 42.896 -26.1367
1.286318 43.077 -27.0247
1.295639 43.258 -27.9033
1.305027 43.441 -28.7726
1.314484 43.624 -29.6330
1.324009 43.808 -30.4846
1.333604 43.992 -31.3280
1.343268 44.177 -32.1633
1.353002 44.362 -32.9909
1.362806 44.547 -33.8112
1.372681 44.731 -34.6245
1.382628 44.916 -35.4313
1.392647 45.100 -36.2319
1.402739 45.283 -37.0267
1.412904 45.465 -37.8161
1.423142 45.647 -38.6005
1.433455 45.827 -39.3802
1.443843 46.005 -40.1556
1.454305 46.182 -40.9266
1.464844 46.357 -41.6925
1.475459 46.532 -42.4518
1.486150 46.705 -43.2030
1.496920 46.878 -43.9456
1.507767 47.050 -44.6796
1.518693 47.222 -45.4053
1.529698 47.393 -46.1231
1.540783 47.564 -46.8338
1.551948 47.735 -47.5377
1.563194 47.905 -48.2354
1.574521 48.075 -48.9274
1.585931 48.244 -49.6145
1.597423 48.413 -50.2969
1.608999 48.582 -50.9755
1.620658 48.750 -51.6506
1.632402 48.918 -52.3228
1.644232 49.086 -52.9928
1.656146 49.254 -53.6610
1.668147 49.422 -54.3279
1.680235 49.589 -54.9941
1.692411 49.757 -55.6602
1.704675 49.924 -56.3266
1.717028 50.091 -56.9938
1.729470 50.259 -57.6625
1.742003 50.426 -58.3329
1.754626 50.594 -59.0058
1.767341 50.761 -59.6814
1.780147 50.929 -60.3603
1.793047 51.097 -61.0429
1.806040 51.266 -61.7294
1.819128 51.435 -62.4198
1.832310 51.604 -63.1130
1.845587 51.773 -63.8071
1.858961 51.941 -64.5003
1.872432 52.109 -65.1914
1.886001 52.277 -65.8801
1.899667 52.443 -66.5661
1.913433 52.610 -67.2495
1.927299 52.776 -67.9303
1.941265 52.941 -68.6086
1.955332 53.107 -69.2847
1.969501 53.271 -69.9585
1.983773 53.436 -70.6304
1.998148 53.600 -71.3005
2.012627 53.764 -71.9690
2.027212 53.927 -72.6363
2.041902 54.091 -73.3025
2.056698 54.254 -73.9679
2.071602 54.417 -74.6329
2.086614 54.581 -75.2977
2.101734 54.744 -75.9628
2.116964 54.907 -76.6283
2.132304 55.071 -77.2948
2.147756 55.234 -77.9624
2.163320 55.398 -78.6316
2.178996 55.562 -79.3024
2.194786 55.727 -79.9745
2.210690 55.891 -80.6470
2.226710 56.055 -81.3186
2.242845 56.219 -81.9886
2.259098 56.382 -82.6566
2.275468 56.545 -83.3227
2.291957 56.707 -83.9869
2.308566 56.869 -84.6492
2.325295 57.031 -85.3099
2.342145 57.192 -85.9691
2.359117 57.353 -86.6269
2.376212 57.514 -87.2837
2.393431 57.674 -87.9396
2.410775 57.835 -88.5948
2.428244 57.995 -89.2498
2.445840 58.155 -89.9046
2.463564 58.315 -90.5597
2.481416 58.476 -91.2153
2.499397 58.636 -91.8718
2.517509 58.796 -92.5294
2.535752 58.957 -93.1884
2.554127 59.117 -93.8488
2.572635 59.278 -94.5100
2.591277 59.438 -95.1711
2.610055 59.598 -95.8315
2.628968 59.758 -96.4908
2.648019 59.917 -97.1490
2.667208 60.076 -97.8060
2.686535 60.234 -98.4620
2.706003 60.393 -99.1170
2.725612 60.551 -99.7712
2.745363 60.708 -100.4247
2.765257 60.866 -101.0777
2.785295 61.023 -101.7305
2.805478 61.180 -102.3831
2.825808 61.337 -103.0360
2.846285 61.494 -103.6892
2.866910 61.651 -104.3432
2.887685 61.808 -104.9980
2.908611 61.966 -105.6538
2.929688 62.123 -106.3106
2.950917 62.280 -106.9680
2.972301 62.436 -107.6252
2.993839 62.593 -108.2820
3.015534 62.748 -108.9383
3.037386 62.904 -109.5938
3.059396 63.059 -110.2487
3.081565 63.214 -110.9030
3.103896 63.369 -111.5566
3.126388 63.523 -112.2098
3.149043 63.677 -112.8626
3.171862 63.831 -113.5151
3.194847 63.985 -114.1676
3.217998 64.139 -114.8201
3.241317 64.293 -115.4729
3.264805 64.446 -116.1261
3.288463 64.600 -116.7799
3.312293 64.754 -117.4340
3.336295 64.907 -118.0882
3.360471 65.060 -118.7421
3.384822 65.212 -119.3956
3.409350 65.364 -120.0488
3.434056 65.516 -120.7014
3.458940 65.668 -121.3535
3.484005 65.819 -122.0051
3.509252 65.970 -122.6564
3.534681 66.120 -123.3073
3.560295 66.271 -123.9580
3.586094 66.421 -124.6086
3.612081 66.572 -125.2592
3.638255 66.722 -125.9100
3.664620 66.872 -126.5611
3.691175 67.022 -127.2123
3.717923 67.172 -127.8636
3.744864 67.321 -128.5148
3.772001 67.470 -129.1656
3.799335 67.618 -129.8162
3.826866 67.766 -130.4662
3.854597 67.914 -131.1158
3.882529 68.062 -131.7649
3.910664 68.209 -132.4136
3.939002 68.356 -133.0618
3.967546 68.503 -133.7096
3.996296 68.650 -134.3572
4.025255 68.796 -135.0046
4.054423 68.943 -135.6521
4.083804 69.089 -136.2995
4.113396 69.235 -136.9468
4.143204 69.380 -137.5939
4.173227 69.525 -138.2406
4.203468 69.669 -138.8868
4.233928 69.814 -139.5325
4.264609 69.958 -140.1775
4.295512 70.101 -140.8219
4.326639 70.245 -141.4656
4.357992 70.388 -142.1088
4.389572 70.531 -142.7515
4.421380 70.674 -143.3940
4.453419 70.817 -144.0363
4.485691 70.959 -144.6785
4.518196 71.101 -145.3204
4.550936 71.242 -145.9618
4.583914 71.383 -146.6026
4.617131 71.524 -147.2426
4.650589 71.664 -147.8818
4.684289 71.804 -148.5201
4.718233 71.944 -149.1574
4.752424 72.084 -149.7940
4.786862 72.223 -150.4300
4.821549 72.362 -151.0657
4.856488 72.501 -151.7010
4.891680 72.639 -152.3359
4.927127 72.777 -152.9702
4.962831 72.914 -153.6036
4.998794 73.052 -154.2361
5.035017 73.189 -154.8675
5.071503 73.325 -155.4978
5.108253 73.462 -156.1270
5.145270 73.598 -156.7553
5.182555 73.734 -157.3830
5.220110 73.869 -158.0101
5.257937 74.004 -158.6367
5.296038 74.139 -159.2625
5.334415 74.273 -159.8873
5.373071 74.407 -160.5111
5.412006 74.541 -161.1336
5.451224 74.674 -161.7549
5.490725 74.808 -162.3751
5.530514 74.940 -162.9942
5.570590 75.073 -163.6127
5.610957 75.205 -164.2304
5.651616 75.337 -164.8474
5.692570 75.469 -165.4633
5.733821 75.600 -166.0783
5.775370 75.731 -166.6920
5.817221 75.861 -167.3045
5.859375 75.992 -167.9158
5.901834 76.122 -168.5262
5.944602 76.252 -169.1358
5.987679 76.381 -169.7446
6.031068 76.510 -170.3526
6.074771 76.639 -170.9596
6.118792 76.768 -171.5656
6.163131 76.896 -172.1705
6.207792 77.024 -172.7743
6.252776 77.152 -173.3771
6.298086 77.279 -173.9792
6.343725 77.406 -174.5806
6.389694 77.533 -175.1812
6.435996 77.660 -175.7810
6.482634 77.786 -176.3799
6.529610 77.912 -176.9778
6.576926 78.037 -177.5748
6.624585 78.163 -178.1711
6.672590 78.288 -178.7667
6.720942 78.413 -179.3617
6.769645 78.537 -179.9561
6.818700 78.661 179.4503
6.868111 78.785 178.8574
6.917881 78.908 178.2653
6.968010 79.032 177.6738
7.018504 79.154 177.0830
7.069362 79.277 176.4926
7.120590 79.399 175.9027
7.172189 79.521 175.3133
7.224161 79.643 174.7245
7.276511 79.764 174.1363
7.329239 79.885 173.5486
7.382350 80.006 172.9614
7.435845 80.126 172.3744
7.489729 80.246 171.7878
7.544002 80.366 171.2015
7.598669 80.485 170.6155
7.653732 80.604 170.0300
7.709194 80.723 169.4447
7.765058 80.841 168.8596
7.821327 80.959 168.2746
7.878004 81.077 167.6897
7.935091 81.194 167.1049
7.992592 81.311 166.5202
8.050510 81.428 165.9356
8.108847 81.544 165.3510
8.167607 81.660 164.7662
8.226793 81.775 164.1813
8.286408 81.890 163.5963
8.346454 82.005 163.0112
8.406936 82.119 162.4261
8.467856 82.233 161.8408
8.529218 82.347 161.2551
8.591024 82.460 160.6690
8.653278 82.572 160.0828
8.715983 82.684 159.4965
8.779143 82.796 158.9102
8.842760 82.907 158.3236
8.906839 83.018 157.7367
8.971381 83.128 157.1495
9.036392 83.238 156.5623
9.101873 83.347 155.9751
9.167829 83.456 155.3881
9.234263 83.564 154.8010
9.301178 83.671 154.2138
9.368578 83.779 153.6266
9.436467 83.885 153.0397
9.504847 83.991 152.4532
9.573723 84.097 151.8670
9.643099 84.202 151.2809
9.712976 84.307 150.6951
9.783361 84.411 150.1096
9.854255 84.514 149.5245
9.925663 84.618 148.9399
9.997588 84.720 148.3556
10.070035 84.823 147.7715
10.143007 84.925 147.1876
10.216507 85.026 146.6040
10.290540 85.127 146.0206
10.365109 85.228 145.4373
10.440219 85.328 144.8540
10.515873 85.428 144.2706
10.592076 85.527 143.6872
10.668830 85.626 143.1035
10.746141 85.725 142.5196
10.824012 85.823 141.9352
10.902447 85.921 141.3506
10.981451 86.018 140.7656
11.061027 86.115 140.1800
11.141180 86.212 139.5939
11.221913 86.308 139.0074
11.303232 86.403 138.4205
11.385140 86.498 137.8333
11.467641 86.593 137.2457
11.550741 86.687 136.6577
11.634442 86.780 136.0694
11.718750 86.873 135.4811
11.803669 86.966 134.8928
11.889203 87.058 134.3043
11.975357 87.150 133.7156
12.062136 87.242 133.1270
12.149543 87.332 132.5384
12.237583 87.423 131.9497
12.326262 87.513 131.3607
12.415583 87.603 130.7715
12.505552 87.693 130.1818
12.596172 87.782 129.5916
12.687449 87.871 129.0006
12.779387 87.959 128.4088
12.871992 88.047 127.8159
12.965268 88.135 127.2219
13.059220 88.222 126.6266
13.153852 88.309 126.0300
13.249170 88.395 125.4322
13.345179 88.481 124.8330
13.441884 88.566 124.2328
13.539289 88.651 123.6320
13.637401 88.734 123.0305
13.736223 88.818 122.4285
13.835761 88.900 121.8268
13.936021 88.982 121.2257
14.037007 89.063 120.6254
14.138725 89.144 120.0262
14.241180 89.224 119.4285
14.344377 89.304 118.8326
14.448323 89.383 118.2385
14.553021 89.462 117.6460
14.658478 89.540 117.0551
14.764700 89.619 116.4654
14.871691 89.697 115.8766
14.979457 89.775 115.2879
15.088005 89.854 114.6988
15.197339 89.932 114.1089
15.307465 90.009 113.5174
15.418389 90.087 112.9237
15.530117 90.164 112.3275
15.642655 90.241 111.7289
15.756008 90.317 111.1278
15.870182 90.392 110.5244
15.985184 90.467 109.9193
16.101019 90.540 109.3137
16.217694 90.612 108.7084
16.335214 90.683 108.1044
16.453586 90.753 107.5031
16.572815 90.822 106.9060
16.692909 90.891 106.3137
16.813872 90.958 105.7269
16.935713 91.025 105.1465
17.058436 91.092 104.5721
17.182048 91.159 104.0031
17.306556 91.226 103.4386
17.431967 91.294 102.8775
17.558286 91.363 102.3175
17.685521 91.432 101.7568
17.813677 91.501 101.1937
17.942762 91.572 100.6259
18.072783 91.642 100.0518
18.203746 91.712 99.4709
18.335658 91.781 98.8825
18.468526 91.850 98.2866
18.602356 91.917 97.6846
18.737156 91.982 97.0783
18.872934 92.046 96.4693
19.009695 92.108 95.8605
19.147447 92.168 95.2546
19.286197 92.226 94.6536
19.425953 92.283 94.0595
19.566721 92.339 93.4739
19.708510 92.394 92.8969
19.851326 92.449 92.3281
19.995177 92.504 91.7665
20.140070 92.560 91.2098
20.286013 92.616 90.6557
20.433014 92.673 90.1018
20.581080 92.730 89.5453
20.730219 92.788 88.9846
20.880439 92.845 88.4185
21.031747 92.902 87.8468
21.184152 92.957 87.2704
21.337661 93.011 86.6911
21.492282 93.063 86.1111
21.648024 93.114 85.5333
21.804895 93.164 84.9603
21.962902 93.212 84.3942
22.122054 93.259 83.8366
22.282360 93.306 83.2876
22.443827 93.354 82.7464
22.606464 93.402 82.2111
22.770280 93.452 81.6785
22.935283 93.502 81.1455
23.101481 93.553 80.6085
23.268884 93.605 80.0644
23.437500 93.657 79.5113
23.607338 93.709 78.9479
23.778406 93.760 78.3750
23.950714 93.809 77.7941
24.124271 93.856 77.2079
24.299086 93.901 76.6201
24.475167 93.943 76.0341
24.652524 93.984 75.4538
24.831166 94.023 74.8817
25.011103 94.061 74.3198
25.192344 94.099 73.7687
25.374898 94.136 73.2279
25.558775 94.174 72.6957
25.743984 94.212 72.1696
25.930536 94.252 71.6470
26.118439 94.292 71.1248
26.307704 94.333 70.6006
26.498341 94.374 70.0725
26.690359 94.415 69.5395
26.883768 94.455 69.0015
27.078579 94.495 68.4593
27.274801 94.534 67.9143
27.472446 94.572 67.3680
27.671522 94.609 66.8223
27.872042 94.644 66.2788
28.074014 94.679 65.7384
28.277450 94.713 65.2017
28.482360 94.747 64.6686
28.688755 94.780 64.1385
28.896645 94.813 63.6105
29.106042 94.846 63.0840
29.316957 94.878 62.5582
29.529400 94.910 62.0331
29.743382 94.941 61.5089
29.958915 94.972 60.9862
30.176009 95.002 60.4658
30.394677 95.031 59.9483
30.614929 95.061 59.4341
30.836778 95.089 58.9230
31.060234 95.118 58.4148
31.285309 95.146 57.9087
31.512015 95.175 57.4042
31.740364 95.203 56.9009
31.970368 95.231 56.3987
32.202039 95.260 55.8972
32.435388 95.288 55.3961
32.670428 95.316 54.8946
32.907171 95.345 54.3912
33.145630 95.373 53.8842
33.385817 95.402 53.3718
33.627745 95.429 52.8530
33.871425 95.456 52.3282
34.116871 95.481 51.7993
34.364096 95.504 51.2699
34.613113 95.526 50.7444
34.863934 95.545 50.2274
35.116572 95.563 49.7218
35.371041 95.581 49.2288
35.627354 95.599 48.7471
35.885525 95.618 48.2736
36.145566 95.638 47.8041
36.407492 95.659 47.3346
36.671316 95.680 46.8625
36.937051 95.701 46.3871
37.204712 95.722 45.9091
37.474313 95.742 45.4309
37.745867 95.761 44.9543
38.019389 95.779 44.4810
38.294893 95.797 44.0114
38.572394 95.815 43.5447
38.851905 95.834 43.0793
39.133442 95.852 42.6132
39.417019 95.870 42.1448
39.702651 95.888 41.6732
39.990353 95.904 41.1989
40.280140 95.920 40.7231
40.572026 95.934 40.2487
40.866028 95.947 39.7784
41.162160 95.959 39.3147
41.460438 95.971 38.8588
41.760877 95.983 38.4099
42.063494 95.995 37.9654
42.368303 96.008 37.5217
42.675322 96.021 37.0751
42.984565 96.035 36.6238
43.296048 96.048 36.1680
43.609789 96.060 35.7095
43.925804 96.071 35.2513
44.244108 96.082 34.7954
44.564719 96.092 34.3423
44.887654 96.102 33.8908
45.212928 96.111 33.4390
45.540560 96.120 32.9857
45.870565 96.129 32.5318
46.202962 96.136 32.0805
46.537768 96.142 31.6356
46.875000 96.147 31.1998
47.214676 96.153 30.7724
47.556813 96.159 30.3495
47.901429 96.166 29.9264
48.248542 96.173 29.5004
48.598171 96.179 29.0737
48.950334 96.184 28.6517
49.305048 96.189 28.2385
49.662333 96.194 27.8322
50.022206 96.201 27.4232
50.384688 96.209 27.0000
50.749796 96.216 26.5579
51.117550 96.218 26.1063
51.487969 96.215 25.6669
51.861072 96.209 25.2612
52.236879 96.205 24.8954
52.615409 96.206 24.5519
52.996681 96.214 24.1979
53.380717 96.225 23.8052
53.767536 96.235 23.3677
54.157158 96.239 22.9044
54.549603 96.237 22.4435
54.944892 96.232 22.0035
55.343045 96.227 21.5838
55.744084 96.223 21.1722
56.148028 96.219 20.7596
56.554900 96.215 20.3467
56.964720 96.211 19.9358
57.377510 96.208 19.5211
57.793291 96.206 19.0903
58.212085 96.201 18.6404
58.633914 96.189 18.1915
59.058799 96.173 17.7794
59.486764 96.155 17.4283
59.917829 96.145 17.1266
60.352019 96.146 16.8293
60.789354 96.154 16.4907
61.229859 96.162 16.0965
61.673556 96.166 15.6677
62.120468 96.164 15.2373
62.570618 96.160 14.8234
63.024031 96.156 14.4233
63.480729 96.152 14.0273
63.940736 96.147 13.6321
64.404077 96.141 13.2402
64.870776 96.135 12.8527
65.340856 96.128 12.4667
65.814343 96.120 12.0829
66.291261 96.110 11.7086
66.771635 96.099 11.3519
67.255489 96.089 11.0104
67.742850 96.081 10.6708
68.233743 96.074 10.3193
68.728193 96.067 9.9540
69.226226 96.056 9.5856
69.727867 96.044 9.2267
70.233144 96.031 8.8779
70.742083 96.020 8.5272
71.254709 96.008 8.1624
71.771050 95.994 7.7845
72.291132 95.977 7.4058
72.814984 95.958 7.0348
73.342631 95.937 6.6707
73.874102 95.915 6.3151
74.409424 95.891 5.9824
74.948626 95.868 5.6865
75.491734 95.852 5.4148
76.038779 95.845 5.1272
76.589787 95.841 4.7903
77.144788 95.835 4.4097
77.703811 95.824 4.0192
78.266885 95.810 3.6447
78.834039 95.796 3.2866
79.405303 95.782 2.9344
79.980706 95.769 2.5847
80.560280 95.754 2.2404
81.144053 95.739 1.9015
81.732056 95.723 1.5621
82.324320 95.707 1.2183
82.920876 95.687 0.8740
83.521755 95.666 0.5374
84.126988 95.643 0.2134
84.736607 95.621 -0.1010
85.350643 95.599 -0.4114
85.969129 95.578 -0.7216
86.592097 95.557 -1.0325
87.219579 95.537 -1.3456
87.851608 95.517 -1.6599
88.488217 95.496 -1.9725
89.129439 95.475 -2.2819
89.775308 95.452 -2.5867
90.425856 95.429 -2.8836
91.081119 95.404 -3.1718
91.741131 95.379 -3.4557
92.405925 95.354 -3.7375
93.075536 95.327 -4.0137
93.750000 95.302 -4.2885
94.429351 95.278 -4.5774
95.113625 95.254 -4.8883
95.802858 95.227 -5.2111
96.497085 95.197 -5.5299
97.196342 95.166 -5.8318
97.900667 95.135 -6.1075
98.610096 95.107 -6.3655
99.324665 95.083 -6.6317
100.044413 95.058 -6.9213
100.769376 95.030 -7.2197
101.499592 94.999 -7.5045
102.235100 94.967 -7.7689
102.975938 94.937 -8.0222
103.722144 94.910 -8.2830
104.473757 94.884 -8.5660
105.230817 94.855 -8.8661
105.993363 94.823 -9.1582
106.761435 94.790 -9.4211
107.535072 94.757 -9.6552
108.314315 94.726 -9.8726
109.099206 94.695 -10.0819
109.889783 94.663 -10.2878
110.686090 94.630 -10.4939
111.488167 94.596 -10.6998
112.296056 94.561 -10.9095
113.109800 94.527 -11.1407
113.929440 94.492 -11.4033
114.755020 94.455 -11.6810
115.586582 94.418 -11.9564
116.424170 94.383 -12.2338
117.267827 94.348 -12.5113
118.117598 94.313 -12.7675
118.973527 94.279 -12.9963
119.835658 94.248 -13.2137
120.704037 94.215 -13.4240
121.578708 94.180 -13.6212
122.459718 94.143 -13.8100
123.347111 94.104 -14.0009
124.240935 94.063 -14.1991
125.141236 94.021 -14.4044
126.048061 93.977 -14.6146
126.961458 93.932 -14.8244
127.881473 93.888 -15.0222
128.808154 93.847 -15.2012
129.741551 93.810 -15.3708
130.681712 93.775 -15.5471
131.628686 93.740 -15.7379
132.582521 93.701 -15.9302
133.543269 93.658 -16.1061
134.510979 93.612 -16.2693
135.485701 93.564 -16.4249
136.467486 93.513 -16.5748
137.456386 93.463 -16.7224
138.452451 93.414 -16.8708
139.455735 93.367 -17.0327
140.466288 93.320 -17.1993
141.484165 93.276 -17.3427
142.509418 93.235 -17.4639
143.542100 93.197 -17.5818
144.582265 93.158 -17.7018
145.629968 93.114 -17.8145
146.685262 93.061 -17.9114
147.748204 92.996 -17.9747
148.818849 92.924 -17.9738
149.897251 92.853 -17.9083
150.983469 92.794 -17.8346
152.077557 92.749 -17.8818
153.179574 92.705 -18.1063
154.289576 92.651 -18.4025
155.407622 92.591 -18.6467
156.533770 92.532 -18.7844
157.668078 92.479 -18.8125
158.810606 92.432 -18.7642
159.961413 92.389 -18.7003
161.120559 92.343 -18.6552
162.288105 92.294 -18.6335
163.464112 92.241 -18.6212
164.648640 92.189 -18.5947
165.841752 92.140 -18.5409
167.043510 92.096 -18.4449
168.253976 92.053 -18.2777
169.473213 92.016 -18.0679
170.701286 91.981 -17.8979
171.938258 91.942 -17.7849
173.184194 91.903 -17.6806
174.439158 91.877 -17.5539
175.703216 91.869 -17.4362
176.976434 91.876 -17.3672
178.258878 91.885 -17.3192
179.550615 91.887 -17.2537
180.851713 91.878 -17.1632
182.162239 91.861 -17.0386
183.482262 91.848 -16.9459
184.811850 91.841 -16.9884
186.151073 91.835 -17.1749
187.500000 91.829 -17.4426
188.858702 91.818 -17.7295
190.227250 91.799 -17.9894
191.605715 91.769 -18.1910
192.994169 91.725 -18.3458
194.392685 91.672 -18.4960
195.801334 91.619 -18.7108
197.220191 91.573 -19.0657
198.649330 91.536 -19.5892
200.088825 91.495 -20.1899
201.538751 91.436 -20.5723
202.999184 91.373 -20.4214
204.470200 91.330 -19.9097
205.951875 91.298 -19.4082
207.444287 91.259 -19.0948
208.947514 91.204 -18.9838
210.461634 91.142 -19.0146
211.986726 91.083 -19.1147
213.522869 91.031 -19.2107
215.070144 90.983 -19.2574
216.628631 90.934 -19.2623
218.198411 90.882 -19.2439
219.779567 90.831 -19.1967
221.372180 90.786 -19.1242
222.976334 90.749 -19.0282
224.592112 90.714 -18.9035
226.219600 90.676 -18.7729
227.858880 90.629 -18.6735
229.510039 90.570 -18.5941
231.173164 90.508 -18.5083
232.848340 90.448 -18.4208
234.535655 90.393 -18.3314
236.235197 90.343 -18.2283
237.947054 90.295 -18.1040
239.671317 90.249 -17.9618
241.408074 90.205 -17.8101
243.157416 90.160 -17.6584
244.919435 90.115 -17.5112
246.694223 90.071 -17.3701
248.481871 90.026 -17.2413
250.282473 89.980 -17.1183
252.096123 89.935 -16.9886
253.922915 89.890 -16.8489
255.762945 89.847 -16.6973
257.616309 89.805 -16.5278
259.483103 89.763 -16.3348
261.363424 89.720 -16.1174
263.257372 89.676 -15.8930
265.165043 89.631 -15.6738
267.086538 89.587 -15.4585
269.021957 89.546 -15.2400
270.971401 89.507 -15.0182
272.934972 89.470 -14.8000
274.912771 89.432 -14.5796
276.904902 89.395 -14.3508
278.911469 89.359 -14.1111
280.932577 89.324 -13.8545
282.968330 89.288 -13.5789
285.018835 89.253 -13.2980
287.084199 89.219 -13.0160
289.164530 89.186 -12.7256
291.259935 89.156 -12.4259
293.370525 89.128 -12.1190
295.496408 89.105 -11.8039
297.637697 89.086 -11.4863
299.794503 89.070 -11.1829
301.966937 89.052 -10.8954
304.155114 89.033 -10.6008
306.359147 89.016 -10.3030
308.579152 89.002 -10.0153
310.815244 88.991 -9.7418
313.067539 88.980 -9.4922
315.336156 88.970 -9.2630
317.621211 88.961 -9.0353
319.922826 88.952 -8.8031
322.241118 88.942 -8.5798
324.576210 88.930 -8.3733
326.928223 88.915 -8.1818
329.297280 88.897 -7.9994
331.683504 88.880 -7.8105
334.087019 88.863 -7.6051
336.507952 88.847 -7.3827
338.946427 88.829 -7.1465
341.402572 88.810 -6.9033
343.876516 88.790 -6.6577
346.368387 88.772 -6.4141
348.878315 88.755 -6.1703
351.406431 88.739 -5.9235
353.952867 88.723 -5.6698
356.517756 88.708 -5.4075
359.101230 88.695 -5.1404
361.703426 88.683 -4.8683
364.324478 88.671 -4.5889
366.964523 88.661 -4.3040
369.623699 88.651 -4.0208
372.302145 88.641 -3.7485
375.000000 88.631 -3.4872
377.717405 88.623 -3.2271
380.454501 88.616 -2.9589
383.211431 88.611 -2.6823
385.988339 88.606 -2.4030
388.785369 88.602 -2.1252
391.602668 88.598 -1.8494
394.440383 88.595 -1.5746
397.298660 88.593 -1.3027
400.177650 88.591 -1.0358
403.077502 88.589 -0.7727
405.998368 88.588 -0.5110
408.940400 88.588 -0.2482
411.903750 88.588 0.0134
414.888575 88.591 0.2693
417.895028 88.594 0.5238
420.923268 88.596 0.7876
423.973452 88.597 1.0646
427.045738 88.598 1.3405
430.140287 88.600 1.6037
433.257261 88.603 1.8575
436.396822 88.608 2.1095
439.559133 88.614 2.3640
442.744360 88.620 2.6191
445.952668 88.626 2.8712
449.184225 88.633 3.1193
452.439199 88.641 3.3667
455.717760 88.648 3.6149
459.020079 88.655 3.8625
462.346327 88.662 4.1071
465.696680 88.670 4.3478
469.071310 88.678 4.5848
472.470394 88.687 4.8187
475.894109 88.696 5.0500
479.342634 88.706 5.2810
482.816148 88.716 5.5138
486.314833 88.727 5.7463
489.838871 88.738 5.9763
493.388445 88.749 6.2042
496.963741 88.760 6.4298
500.564945 88.772 6.6523
504.192245 88.784 6.8735
507.845830 88.796 7.0940
511.525890 88.809 7.3121
515.232618 88.823 7.5281
518.966206 88.836 7.7428
522.726849 88.849 7.9572
526.514743 88.863 8.1714
530.330086 88.876 8.3848
534.173076 88.889 8.5969
538.043915 88.903 8.8050
541.942803 88.917 9.0047
545.869944 88.932 9.1982
549.825542 88.947 9.3939
553.809805 88.963 9.5923
557.822939 88.978 9.7899
561.865154 88.994 9.9870
565.936660 89.010 10.1843
570.037671 89.026 10.3786
574.168399 89.042 10.5681
578.329060 89.058 10.7545
582.519870 89.074 10.9406
586.741049 89.090 11.1264
590.992817 89.107 11.3116
595.275394 89.124 11.4971
599.589005 89.141 11.6826
603.933874 89.159 11.8671
608.310228 89.176 12.0497
612.718295 89.194 12.2296
617.158304 89.211 12.4064
621.630488 89.229 12.5815
626.135079 89.247 12.7552
630.672311 89.265 12.9265
635.242423 89.283 13.0959
639.845651 89.301 13.2660
644.482237 89.320 13.4366
649.152421 89.340 13.6064
653.856447 89.361 13.7765
658.594560 89.381 13.9470
663.367008 89.399 14.1123
668.174039 89.417 14.2716
673.015903 89.435 14.4290
677.892854 89.453 14.5868
682.805145 89.471 14.7449
687.753032 89.490 14.9014
692.736774 89.509 15.0573
697.756631 89.529 15.2128
702.812863 89.549 15.3678
707.905735 89.569 15.5226
713.035511 89.589 15.6769
718.202461 89.608 15.8305
723.406852 89.628 15.9838
728.648956 89.648 16.1367
733.929047 89.669 16.2874
739.247399 89.690 16.4355
744.604290 89.710 16.5811
750.000000 89.731 16.7245
755.434809 89.751 16.8679
760.909001 89.772 17.0116
766.422861 89.793 17.1526
771.976677 89.814 17.2886
777.570739 89.835 17.4226
783.205337 89.856 17.5649
788.880766 89.877 17.7161
794.597321 89.897 17.8669
800.355301 89.918 18.0139
806.155005 89.939 18.1572
811.996736 89.959 18.2979
817.880799 89.981 18.4365
823.807501 90.002 18.5730
829.777150 90.024 18.7083
835.790057 90.045 18.8438
841.846536 90.066 18.9807
847.946903 90.088 19.1198
854.091476 90.110 19.2593
860.280575 90.131 19.3978
866.514523 90.153 19.5349
872.793644 90.174 19.6711
879.118267 90.196 19.8063
885.488720 90.218 19.9379
891.905336 90.240 20.0665
898.368450 90.262 20.1964
904.878398 90.285 20.3329
911.435520 90.308 20.4737
918.040157 90.332 20.6133
924.692655 90.356 20.7512
931.393359 90.379 20.8886
938.142619 90.402 21.0259
944.940787 90.425 21.1627
951.788218 90.448 21.2988
958.685268 90.471 21.4338
965.632296 90.495 21.5682
972.629666 90.518 21.7029
979.677741 90.542 21.8381
986.776890 90.567 21.9734
993.927482 90.591 22.1082
1001.129891 90.616 22.2417
1008.384491 90.641 22.3727
1015.691660 90.666 22.5034
1023.051781 90.691 22.6381
1030.465236 90.716 22.7762
1037.932411 90.742 22.9138
1045.453698 90.768 23.0503
1053.029486 90.794 23.1860
1060.660172 90.820 23.3212
1068.346153 90.846 23.4562
1076.087829 90.873 23.5908
1083.885605 90.900 23.7242
1091.739887 90.927 23.8566
1099.651084 90.954 23.9894
1107.619609 90.982 24.1234
1115.645878 91.011 24.2583
1123.730308 91.039 24.3937
1131.873321 91.068 24.5291
1140.075341 91.097 24.6644
1148.336797 91.126 24.8005
1156.658119 91.155 24.9362
1165.039741 91.185 25.0702
1173.482099 91.215 25.2025
1181.985634 91.246 25.3339
1190.550789 91.276 25.4659
1199.178011 91.308 25.5986
1207.867749 91.339 25.7311
1216.620457 91.371 25.8627
1225.436590 91.403 25.9939
1234.316609 91.435 26.1259
1243.260976 91.468 26.2589
1252.270157 91.501 26.3921
1261.344623 91.534 26.5241
1270.484846 91.567 26.6544
1279.691303 91.602 26.7834
1288.964474 91.636 26.9108
1298.304842 91.671 27.0364
1307.712894 91.707 27.1608
1317.189120 91.743 27.2845
1326.734016 91.780 27.4086
1336.348077 91.817 27.5326
1346.031806 91.854 27.6558
1355.785708 91.891 27.7773
1365.610290 91.929 27.8969
1375.506065 91.967 28.0154
1385.473549 92.007 28.1345
1395.513261 92.047 28.2543
1405.625726 92.087 28.3730
1415.811469 92.128 28.4892
1426.071023 92.170 28.6030
1436.404921 92.212 28.7151
1446.813703 92.254 28.8253
1457.297912 92.297 28.9330
1467.858093 92.341 29.0387
1478.494798 92.385 29.1434
1489.208581 92.430 29.2472
1500.000000 92.475 29.3499
1510.869618 92.520 29.4507
1521.818002 92.566 29.5486
1532.845723 92.613 29.6425
1543.953355 92.660 29.7327
1555.141477 92.708 29.8195
1566.410674 92.757 29.9036
1577.761531 92.806 29.9855
1589.194642 92.857 30.0656
1600.710601 92.907 30.1436
1612.310010 92.959 30.2192
1623.993473 93.011 30.2904
1635.761599 93.063 30.3558
1647.615002 93.116 30.4160
1659.554299 93.170 30.4716
1671.580114 93.225 30.5229
1683.693072 93.280 30.5700
1695.893807 93.336 30.6129
1708.182952 93.393 30.6519
1720.561150 93.450 30.6862
1733.029045 93.508 30.7151
1745.587288 93.567 30.7379
1758.236533 93.627 30.7553
1770.977440 93.687 30.7666
1783.810673 93.748 30.7707
1796.736900 93.809 30.7677
1809.756796 93.872 30.7580
1822.871040 93.934 30.7410
1836.080315 93.998 30.7165
1849.385310 94.062 30.6844
1862.786718 94.127 30.6449
1876.285239 94.192 30.5979
1889.881575 94.258 30.5418
1903.576436 94.325 30.4761
1917.370535 94.393 30.4011
1931.264593 94.461 30.3166
1945.259332 94.529 30.2218
1959.355483 94.598 30.1158
1973.553781 94.667 29.9981
1987.854965 94.737 29.8683
2002.259781 94.807 29.7258
2016.768981 94.878 29.5701
2031.383320 94.949 29.4009
2046.103561 95.020 29.2183
2060.930471 95.091 29.0224
2075.864823 95.162 28.8120
2090.907395 95.234 28.5862
2106.058972 95.305 28.3453
2121.320344 95.376 28.0894
2136.692305 95.447 27.8170
2152.175658 95.518 27.5278
2167.771210 95.588 27.2220
2183.479774 95.658 26.8991
2199.302169 95.727 26.5583
2215.239219 95.795 26.1991
2231.291755 95.862 25.8207
2247.460615 95.928 25.4229
2263.746641 95.993 25.0056
2280.150683 96.056 24.5687
2296.673595 96.117 24.1121
2313.316238 96.176 23.6360
2330.079481 96.233 23.1411
2346.964198 96.288 22.6278
2363.971268 96.340 22.0969
2381.101578 96.389 21.5487
2398.356022 96.436 20.9839
2415.735498 96.479 20.4034
2433.240913 96.519 19.8073
2450.873180 96.555 19.1963
2468.633217 96.587 18.5728
2486.521951 96.614 17.9385
2504.540314 96.638 17.2950
2522.689246 96.658 16.6441
2540.969692 96.673 15.9877
2559.382606 96.684 15.3276
2577.928947 96.690 14.6664
2596.609683 96.693 14.0057
2615.425787 96.691 13.3458
2634.378241 96.685 12.6870
2653.468031 96.675 12.0305
2672.696154 96.661 11.3772
2692.063613 96.643 10.7277
2711.571415 96.621 10.0826
2731.220579 96.594 9.4434
2751.012130 96.563 8.8120
2770.947098 96.528 8.1905
2791.026522 96.489 7.5813
2811.251451 96.446 6.9861
2831.622938 96.399 6.4056
2852.142045 96.348 5.8416
2872.809842 96.293 5.2949
2893.627406 96.236 4.7668
2914.595823 96.176 4.2583
2935.716186 96.112 3.7702
2956.989596 96.047 3.3024
2978.417161 95.979 2.8549
3000.000000 95.909 2.4276
3021.739237 95.837 2.0208
3043.636005 95.763 1.6353
3065.691446 95.687 1.2708
3087.906710 95.611 0.9268
3110.282955 95.532 0.6031
3132.821347 95.453 0.3008
3155.523062 95.371 0.0204
3178.389283 95.289 -0.2390
3201.421202 95.205 -0.4778
3224.620020 95.119 -0.6949
3247.986946 95.033 -0.8890
3271.523198 94.945 -1.0594
3295.230004 94.857 -1.2063
3319.108599 94.768 -1.3298
3343.160228 94.678 -1.4280
3367.386145 94.587 -1.4991
3391.787613 94.496 -1.5438
3416.365904 94.405 -1.5620
3441.122300 94.313 -1.5531
3466.058091 94.221 -1.5161
3491.174576 94.130 -1.4500
3516.473066 94.039 -1.3554
3541.954880 93.948 -1.2325
3567.621345 93.857 -1.0793
3593.473800 93.767 -0.8939
3619.513592 93.678 -0.6753
3645.742080 93.591 -0.4221
3672.160630 93.505 -0.1329
3698.770620 93.420 0.1938
3725.573436 93.338 0.5594
3752.570477 93.259 0.9653
3779.763150 93.184 1.4136
3807.152872 93.113 1.9057
3834.741071 93.048 2.4407
3862.529185 92.990 3.0168
3890.518664 92.939 3.6309
3918.710966 92.898 4.2777
3947.107561 92.867 4.9501
3975.709929 92.846 5.6385
4004.519563 92.838 6.3309
4033.537962 92.841 7.0143
4062.766641 92.857 7.6760
4092.207123 92.883 8.3051
4121.860942 92.920 8.8902
4151.729646 92.966 9.4200
4181.814790 93.019 9.8862
4212.117944 93.078 10.2843
4242.640687 93.141 10.6136
4273.384610 93.206 10.8754
4304.351317 93.272 11.0710
4335.542421 93.337 11.2031
4366.959549 93.400 11.2765
4398.604338 93.460 11.2976
4430.478438 93.517 11.2722
4462.583511 93.571 11.2057
4494.921231 93.621 11.1039
4527.493283 93.668 10.9723
4560.301365 93.711 10.8147
4593.347189 93.750 10.6324
4626.632476 93.786 10.4264
4660.158962 93.819 10.1969
4693.928395 93.849 9.9456
4727.942535 93.876 9.6733
4762.203156 93.899 9.3787
4796.712043 93.919 9.0605
4831.470996 93.935 8.7185
4866.481826 93.948 8.3524
4901.746360 93.956 7.9615
4937.266434 93.960 7.5457
4973.043902 93.958 7.1053
5009.080628 93.950 6.6416
5045.378492 93.937 6.1549
5081.939384 93.916 5.6463
5118.765212 93.888 5.1174
5155.857894 93.851 4.5697
5193.219366 93.805 4.0056
5230.851574 93.749 3.4296
5268.756481 93.681 2.8475
5306.936062 93.602 2.2666
5345.392309 93.511 1.6934
5384.127225 93.408 1.1249
5423.142830 93.291 0.5471
5462.441159 93.154 -0.0425
5502.024259 92.989 -0.6104
5541.894195 92.791 -1.0887
5582.053045 92.556 -1.3801
5622.502902 92.292 -1.3606
5663.245876 92.013 -0.9093
5704.284090 91.749 0.0258
5745.619684 91.529 1.3689
5787.254813 91.373 2.9327
5829.191647 91.284 4.5002
5871.432373 91.248 5.9044
5913.979192 91.244 7.0655
5956.834323 91.252 7.9934
6000.000000 91.257 8.7535
6043.478473 91.255 9.4213
6087.272010 91.245 10.0543
6131.382892 91.230 10.6877
6175.813420 91.213 11.3395
6220.565910 91.198 12.0165
6265.642695 91.186 12.7181
6311.046124 91.181 13.4402
6356.778566 91.183 14.1761
6402.842404 91.194 14.9170
6449.240040 91.216 15.6503
6495.973891 91.247 16.3625
6543.046396 91.289 17.0403
6590.460007 91.341 17.6708
6638.217197 91.401 18.2422
6686.320456 91.468 18.7466
6734.772290 91.539 19.1804
6783.575226 91.614 19.5464
6832.731809 91.692 19.8516
6882.244600 91.774 20.0963
6932.116181 91.864 20.2545
6982.349153 91.957 20.2733
7032.946133 92.042 20.1252
7083.909760 92.110 19.8669
7135.242690 92.158 19.5917
7186.947600 92.193 19.3500
7239.027185 92.223 19.1449
7291.484160 92.250 18.9630
7344.321260 92.277 18.7910
7397.541239 92.306 18.6190
7451.146872 92.336 18.4397
7505.140954 92.369 18.2462
7559.526299 92.406 18.0311
7614.305743 92.447 17.7855
7669.482141 92.493 17.4979
7725.058371 92.543 17.1552
7781.037328 92.596 16.7430
7837.421932 92.653 16.2480
7894.215122 92.712 15.6579
7951.419859 92.770 14.9609
8009.039125 92.827 14.1466
8067.075924 92.878 13.2072
8125.533282 92.921 12.1388
8184.414245 92.953 10.9418
8243.721885 92.969 9.6218
8303.459292 92.967 8.1893
8363.629581 92.943 6.6590
8424.235888 92.893 5.0508
8485.281374 92.816 3.3900
8546.769221 92.709 1.7055
8608.702634 92.573 0.0283
8671.084842 92.407 -1.6083
8733.919097 92.212 -3.1729
8797.208675 91.991 -4.6373
8860.956876 91.747 -5.9769
8925.167022 91.483 -7.1715
8989.842461 91.203 -8.2068
9054.986566 90.911 -9.0726
9120.602731 90.611 -9.7620
9186.694378 90.307 -10.2733
9253.264952 90.002 -10.6105
9320.317925 89.701 -10.7803
9387.856790 89.405 -10.7913
9455.885071 89.118 -10.6537
9524.406312 88.842 -10.3799
9593.424086 88.578 -9.9816
9662.941992 88.330 -9.4697
9732.963653 88.097 -8.8563
9803.492719 87.882 -8.1542
9874.532869 87.686 -7.3766
9946.087805 87.509 -6.5374
10018.161257 87.352 -5.6511
10090.756983 87.214 -4.7317
10163.878768 87.098 -3.7903
10237.530423 87.001 -2.8369
10311.715789 86.926 -1.8845
10386.438732 86.871 -0.9459
10461.703149 86.836 -0.0327
10537.512962 86.821 0.8434
10613.872125 86.826 1.6694
10690.784618 86.852 2.4315
10768.254450 86.899 3.1101
10846.285661 86.965 3.6772
10924.882318 87.050 4.0985
11004.048518 87.149 4.3420
11083.788390 87.257 4.3858
11164.106090 87.364 4.2295
11245.005805 87.466 3.9005
11326.491752 87.559 3.4443
11408.568180 87.647 2.8948
11491.239368 87.735 2.2397
11574.509626 87.826 1.4208
11658.383294 87.911 0.3879
11742.864745 87.978 -0.8560
11827.958384 88.018 -2.2590
11913.668646 88.028 -3.7484
12000.000000 88.008 -5.2552
12086.956947 87.966 -6.7260
12174.544019 87.911 -8.1331
12262.765784 87.850 -9.4758
12351.626840 87.793 -10.7786
12441.131819 87.745 -12.0864
12531.285389 87.710 -13.4554
12622.092249 87.689 -14.9409
12713.557132 87.676 -16.5875
12805.684808 87.666 -18.4219
12898.480079 87.654 -20.4532
12991.947783 87.632 -22.6723
13086.092792 87.598 -25.0541
13180.920015 87.550 -27.5671
13276.434395 87.489 -30.1788
13372.640911 87.419 -32.8651
13469.544580 87.346 -35.6123
13567.150452 87.275 -38.4164
13665.463617 87.213 -41.2847
13764.489200 87.166 -44.2391
13864.232362 87.140 -47.3132
13964.698305 87.141 -50.5475
14065.892266 87.172 -53.9879
14167.819519 87.238 -57.6902
14270.485380 87.338 -61.7250
14373.895200 87.472 -66.1738
14478.054370 87.630 -71.1226
14582.968320 87.796 -76.6479
14688.642520 87.941 -82.7815
14795.082478 88.025 -89.4388
14902.293745 88.028 -96.3697
15010.281908 87.970 -103.2784
15119.052599 87.903 -110.1361
15228.611486 87.846 -117.1652
15338.964283 87.773 -124.4916
15450.116741 87.654 -132.0549
15562.074656 87.474 -139.7173
15674.843864 87.237 -147.3463
15788.430244 86.953 -154.8457
15902.839718 86.637 -162.1650
16018.078250 86.305 -169.2926
16134.151848 85.967 -176.2437
16251.066563 85.636 176.9477
16368.828491 85.320 170.2268
16487.443769 85.024 163.5214
16606.918584 84.751 156.7627
16727.259161 84.498 149.8903
16848.471777 84.264 142.8511
16970.562748 84.047 135.6000
17093.538442 83.849 128.0894
17217.405268 83.674 120.2515
17342.169684 83.519 112.0002
17467.838194 83.379 103.2645
17594.417350 83.247 94.0127
17721.913751 83.128 84.2355
17850.334044 83.049 73.8665
17979.684923 83.037 62.6962
18109.973131 83.093 50.3998
18241.205462 83.178 36.6884
18373.388756 83.235 21.4384
18506.529905 83.215 4.6774
18640.635849 83.099 -13.5135
18775.713581 82.890 -33.0953
18911.770141 82.601 -54.1144
19048.812624 82.234 -76.6746
19186.848172 81.766 -100.8383
19325.883983 81.178 -126.5667
19465.927305 80.482 -153.8177
19606.985439 79.722 177.3940
19749.065738 78.969 147.5298
19892.175609 78.337 119.5759
20036.322514 77.981 101.1304
