* Measurement data measured by REW V5.31.3
* Source: Headset (USB-C to 3.5mm Headphone Jack Adapter), MICROPHONE (Master Volume), R, volume: 0.250. Timing signal peak level -32.8 dBFS, measurement signal peak level -25.8 dBFS
* Format: 256k Log Swept Sine, 1 sweep at -12.0 dBFS using an acoustic timing reference
* Dated: Dec 6, 2025 3:40:17 AM
* REW Settings:
*  C-weighting compensation: Off
*  Target level: 75.0 dB
* Note: stock tips; Delay -0.0314 ms (-11 mm, -0.42 in) using estimated IR delay relative to Acoustic reference played from  L with no timing offset Clock adjustment: 1.8 ppm
* Measurement: Truthear Gate shortwide L
* Smoothing: 1/24 octave
* Frequency Step: 96 ppo
* Start Frequency: 0.36621094 Hz
*
* Freq(Hz) SPL(dB) Phase(degrees)
0.366211 44.245 158.8584
0.368865 44.240 158.8321
0.371538 44.233 158.7935
0.374230 44.225 158.7486
0.376942 44.217 158.7004
0.379673 44.208 158.6498
0.382424 44.200 158.5971
0.385196 44.191 158.5424
0.387987 44.183 158.4856
0.390798 44.174 158.4269
0.393630 44.165 158.3661
0.396483 44.156 158.3033
0.399356 44.147 158.2383
0.402250 44.138 158.1713
0.405165 44.129 158.1022
0.408101 44.120 158.0309
0.411058 44.111 157.9575
0.414037 44.102 157.8819
0.417037 44.092 157.8041
0.420059 44.083 157.7241
0.423103 44.074 157.6419
0.426169 44.064 157.5575
0.429257 44.054 157.4708
0.432368 44.045 157.3818
0.435501 44.035 157.2905
0.438656 44.025 157.1970
0.441835 44.015 157.1011
0.445037 44.005 157.0029
0.448262 43.995 156.9023
0.451510 43.985 156.7995
0.454782 43.975 156.6942
0.458077 43.965 156.5865
0.461397 43.955 156.4765
0.464740 43.944 156.3641
0.468108 43.934 156.2493
0.471500 43.923 156.1320
0.474917 43.913 156.0124
0.478358 43.902 155.8903
0.481825 43.891 155.7659
0.485316 43.880 155.6389
0.488833 43.869 155.5096
0.492375 43.858 155.3778
0.495943 43.847 155.2436
0.499537 43.836 155.1070
0.503157 43.825 154.9680
0.506803 43.814 154.8266
0.510475 43.802 154.6827
0.514175 43.791 154.5365
0.517900 43.779 154.3879
0.521653 43.768 154.2369
0.525434 43.756 154.0836
0.529241 43.744 153.9280
0.533076 43.732 153.7700
0.536939 43.720 153.6098
0.540830 43.708 153.4473
0.544749 43.696 153.2826
0.548696 43.684 153.1157
0.552673 43.671 152.9466
0.556677 43.659 152.7754
0.560711 43.646 152.6022
0.564774 43.634 152.4269
0.568867 43.621 152.2496
0.572989 43.608 152.0703
0.577141 43.595 151.8892
0.581324 43.582 151.7063
0.585536 43.569 151.5216
0.589779 43.556 151.3352
0.594053 43.543 151.1472
0.598358 43.529 150.9577
0.602694 43.516 150.7667
0.607061 43.502 150.5744
0.611460 43.489 150.3807
0.615891 43.475 150.1859
0.620354 43.461 149.9900
0.624849 43.447 149.7931
0.629377 43.433 149.5954
0.633938 43.419 149.3969
0.638532 43.405 149.1979
0.643159 43.390 148.9983
0.647819 43.376 148.7985
0.652514 43.361 148.5984
0.657242 43.347 148.3983
0.662005 43.332 148.1984
0.666802 43.317 147.9987
0.671634 43.302 147.7995
0.676501 43.287 147.6010
0.681403 43.272 147.4034
0.686341 43.256 147.2068
0.691314 43.241 147.0115
0.696324 43.225 146.8177
0.701370 43.210 146.6257
0.706452 43.194 146.4356
0.711571 43.178 146.2477
0.716728 43.162 146.0623
0.721921 43.146 145.8794
0.727153 43.129 145.6991
0.732422 43.112 145.5208
0.737729 43.094 145.3433
0.743075 43.075 145.1651
0.748460 43.056 144.9856
0.753883 43.036 144.8044
0.759346 43.015 144.6215
0.764849 42.994 144.4367
0.770391 42.973 144.2502
0.775974 42.951 144.0619
0.781597 42.928 143.8718
0.787261 42.905 143.6800
0.792966 42.882 143.4865
0.798712 42.858 143.2913
0.804500 42.834 143.0945
0.810329 42.810 142.8960
0.816201 42.785 142.6960
0.822116 42.759 142.4945
0.828073 42.733 142.2915
0.834074 42.707 142.0872
0.840118 42.681 141.8815
0.846206 42.654 141.6745
0.852338 42.627 141.4664
0.858514 42.600 141.2572
0.864735 42.572 141.0470
0.871001 42.544 140.8359
0.877313 42.516 140.6240
0.883670 42.488 140.4115
0.890074 42.460 140.1984
0.896524 42.431 139.9850
0.903020 42.403 139.7713
0.909564 42.374 139.5576
0.916155 42.345 139.3439
0.922794 42.317 139.1305
0.929481 42.288 138.9176
0.936216 42.259 138.7054
0.943000 42.231 138.4941
0.949834 42.202 138.2840
0.956717 42.174 138.0752
0.963649 42.146 137.8681
0.970632 42.118 137.6630
0.977666 42.090 137.4601
0.984750 42.063 137.2598
0.991886 42.036 137.0624
0.999074 42.009 136.8682
1.006314 41.983 136.6777
1.013606 41.958 136.4911
1.020951 41.933 136.3089
1.028349 41.909 136.1316
1.035801 41.885 135.9595
1.043307 41.862 135.7931
1.050867 41.840 135.6329
1.058482 41.819 135.4794
1.066152 41.799 135.3330
1.073878 41.779 135.1945
1.081660 41.761 135.0642
1.089498 41.744 134.9430
1.097393 41.728 134.8316
1.105345 41.712 134.7311
1.113355 41.697 134.6426
1.121423 41.682 134.5665
1.129549 41.667 134.5028
1.137734 41.652 134.4516
1.145979 41.637 134.4126
1.154283 41.622 134.3857
1.162647 41.608 134.3706
1.171072 41.594 134.3672
1.179558 41.580 134.3751
1.188106 41.566 134.3942
1.196715 41.553 134.4241
1.205387 41.541 134.4644
1.214122 41.529 134.5149
1.222920 41.518 134.5751
1.231782 41.508 134.6446
1.240708 41.498 134.7229
1.249699 41.490 134.8097
1.258754 41.482 134.9042
1.267876 41.475 135.0061
1.277063 41.470 135.1146
1.286318 41.466 135.2291
1.295639 41.463 135.3489
1.305027 41.462 135.4733
1.314484 41.462 135.6014
1.324009 41.464 135.7325
1.333604 41.467 135.8657
1.343268 41.473 136.0000
1.353002 41.480 136.1345
1.362806 41.490 136.2681
1.372681 41.501 136.3999
1.382628 41.515 136.5286
1.392647 41.532 136.6532
1.402739 41.551 136.7724
1.412904 41.573 136.8852
1.423142 41.598 136.9903
1.433455 41.626 137.0867
1.443843 41.657 137.1735
1.454305 41.692 137.2511
1.464844 41.730 137.3220
1.475459 41.772 137.3916
1.486150 41.818 137.4655
1.496920 41.867 137.5462
1.507767 41.921 137.6340
1.518693 41.978 137.7282
1.529698 42.039 137.8279
1.540783 42.103 137.9317
1.551948 42.171 138.0385
1.563194 42.243 138.1470
1.574521 42.318 138.2557
1.585931 42.396 138.3635
1.597423 42.478 138.4689
1.608999 42.563 138.5706
1.620658 42.651 138.6672
1.632402 42.742 138.7575
1.644232 42.835 138.8399
1.656146 42.932 138.9133
1.668147 43.031 138.9762
1.680235 43.133 139.0274
1.692411 43.237 139.0655
1.704675 43.343 139.0893
1.717028 43.452 139.0976
1.729470 43.562 139.0891
1.742003 43.674 139.0626
1.754626 43.788 139.0170
1.767341 43.903 138.9513
1.780147 44.019 138.8643
1.793047 44.137 138.7554
1.806040 44.255 138.6241
1.819128 44.374 138.4713
1.832310 44.495 138.3005
1.845587 44.618 138.1181
1.858961 44.744 137.9298
1.872432 44.874 137.7380
1.886001 45.007 137.5432
1.899667 45.144 137.3447
1.913433 45.284 137.1415
1.927299 45.428 136.9326
1.941265 45.574 136.7169
1.955332 45.723 136.4935
1.969501 45.875 136.2611
1.983773 46.029 136.0189
1.998148 46.186 135.7658
2.012627 46.345 135.5009
2.027212 46.505 135.2232
2.041902 46.668 134.9319
2.056698 46.831 134.6259
2.071602 46.996 134.3044
2.086614 47.162 133.9665
2.101734 47.329 133.6115
2.116964 47.495 133.2383
2.132304 47.662 132.8464
2.147756 47.829 132.4348
2.163320 47.995 132.0033
2.178996 48.161 131.5519
2.194786 48.326 131.0826
2.210690 48.491 130.5991
2.226710 48.656 130.1065
2.242845 48.823 129.6074
2.259098 48.990 129.1029
2.275468 49.159 128.5933
2.291957 49.329 128.0786
2.308566 49.499 127.5585
2.325295 49.671 127.0328
2.342145 49.843 126.5012
2.359117 50.016 125.9634
2.376212 50.190 125.4191
2.393431 50.364 124.8677
2.410775 50.539 124.3090
2.428244 50.714 123.7425
2.445840 50.889 123.1678
2.463564 51.065 122.5844
2.481416 51.241 121.9917
2.499397 51.416 121.3894
2.517509 51.592 120.7768
2.535752 51.767 120.1540
2.554127 51.942 119.5210
2.572635 52.117 118.8793
2.591277 52.292 118.2312
2.610055 52.467 117.5786
2.628968 52.642 116.9224
2.648019 52.816 116.2633
2.667208 52.991 115.6015
2.686535 53.166 114.9373
2.706003 53.341 114.2709
2.725612 53.516 113.6023
2.745363 53.690 112.9316
2.765257 53.865 112.2588
2.785295 54.040 111.5838
2.805478 54.215 110.9065
2.825808 54.390 110.2268
2.846285 54.565 109.5445
2.866910 54.740 108.8595
2.887685 54.915 108.1716
2.908611 55.090 107.4808
2.929688 55.265 106.7872
2.950917 55.440 106.0918
2.972301 55.614 105.3955
2.993839 55.788 104.6989
3.015534 55.962 104.0022
3.037386 56.136 103.3057
3.059396 56.309 102.6094
3.081565 56.483 101.9133
3.103896 56.656 101.2175
3.126388 56.829 100.5219
3.149043 57.002 99.8265
3.171862 57.175 99.1313
3.194847 57.348 98.4361
3.217998 57.521 97.7408
3.241317 57.694 97.0454
3.264805 57.867 96.3498
3.288463 58.041 95.6544
3.312293 58.215 94.9596
3.336295 58.388 94.2663
3.360471 58.561 93.5750
3.384822 58.735 92.8858
3.409350 58.907 92.1984
3.434056 59.080 91.5127
3.458940 59.253 90.8285
3.484005 59.425 90.1455
3.509252 59.598 89.4635
3.534681 59.770 88.7822
3.560295 59.943 88.1014
3.586094 60.116 87.4210
3.612081 60.290 86.7406
3.638255 60.464 86.0606
3.664620 60.638 85.3815
3.691175 60.812 84.7045
3.717923 60.986 84.0305
3.744864 61.160 83.3598
3.772001 61.334 82.6919
3.799335 61.508 82.0262
3.826866 61.683 81.3621
3.854597 61.857 80.6988
3.882529 62.031 80.0356
3.910664 62.206 79.3720
3.939002 62.381 78.7072
3.967546 62.556 78.0409
3.996296 62.732 77.3728
4.025255 62.908 76.7036
4.054423 63.084 76.0346
4.083804 63.260 75.3674
4.113396 63.437 74.7026
4.143204 63.613 74.0397
4.173227 63.790 73.3781
4.203468 63.967 72.7167
4.233928 64.144 72.0547
4.264609 64.321 71.3913
4.295512 64.498 70.7254
4.326639 64.675 70.0564
4.357992 64.852 69.3838
4.389572 65.030 68.7078
4.421380 65.208 68.0298
4.453419 65.385 67.3515
4.485691 65.563 66.6735
4.518196 65.741 65.9956
4.550936 65.919 65.3172
4.583914 66.097 64.6377
4.617131 66.274 63.9562
4.650589 66.452 63.2719
4.684289 66.629 62.5840
4.718233 66.807 61.8920
4.752424 66.984 61.1957
4.786862 67.160 60.4958
4.821549 67.337 59.7937
4.856488 67.513 59.0900
4.891680 67.690 58.3850
4.927127 67.865 57.6784
4.962831 68.041 56.9701
4.998794 68.216 56.2595
5.035017 68.391 55.5464
5.071503 68.565 54.8302
5.108253 68.738 54.1106
5.145270 68.912 53.3877
5.182555 69.084 52.6618
5.220110 69.256 51.9335
5.257937 69.428 51.2034
5.296038 69.598 50.4717
5.334415 69.768 49.7387
5.373071 69.938 49.0046
5.412006 70.107 48.2693
5.451224 70.275 47.5327
5.490725 70.442 46.7947
5.530514 70.609 46.0548
5.570590 70.775 45.3130
5.610957 70.940 44.5697
5.651616 71.104 43.8255
5.692570 71.268 43.0809
5.733821 71.430 42.3364
5.775370 71.592 41.5925
5.817221 71.753 40.8493
5.859375 71.914 40.1067
5.901834 72.074 39.3642
5.944602 72.232 38.6213
5.987679 72.390 37.8782
6.031068 72.547 37.1355
6.074771 72.703 36.3938
6.118792 72.859 35.6536
6.163131 73.014 34.9153
6.207792 73.168 34.1792
6.252776 73.322 33.4448
6.298086 73.474 32.7117
6.343725 73.626 31.9796
6.389694 73.777 31.2488
6.435996 73.928 30.5196
6.482634 74.078 29.7926
6.529610 74.227 29.0679
6.576926 74.376 28.3457
6.624585 74.525 27.6258
6.672590 74.673 26.9078
6.720942 74.820 26.1917
6.769645 74.966 25.4773
6.818700 75.112 24.7648
6.868111 75.258 24.0543
6.917881 75.404 23.3458
6.968010 75.549 22.6395
7.018504 75.693 21.9349
7.069362 75.837 21.2322
7.120590 75.981 20.5310
7.172189 76.124 19.8313
7.224161 76.267 19.1329
7.276511 76.410 18.4358
7.329239 76.553 17.7399
7.382350 76.695 17.0451
7.435845 76.836 16.3514
7.489729 76.978 15.6586
7.544002 77.119 14.9666
7.598669 77.260 14.2751
7.653732 77.400 13.5840
7.709194 77.540 12.8931
7.765058 77.680 12.2025
7.821327 77.820 11.5121
7.878004 77.959 10.8217
7.935091 78.098 10.1314
7.992592 78.237 9.4407
8.050510 78.375 8.7497
8.108847 78.513 8.0582
8.167607 78.650 7.3661
8.226793 78.787 6.6735
8.286408 78.924 5.9803
8.346454 79.060 5.2864
8.406936 79.196 4.5916
8.467856 79.332 3.8958
8.529218 79.467 3.1990
8.591024 79.601 2.5012
8.653278 79.735 1.8023
8.715983 79.869 1.1024
8.779143 80.002 0.4014
8.842760 80.135 -0.3009
8.906839 80.267 -1.0046
8.971381 80.398 -1.7095
9.036392 80.529 -2.4157
9.101873 80.660 -3.1230
9.167829 80.789 -3.8315
9.234263 80.919 -4.5414
9.301178 81.047 -5.2528
9.368578 81.175 -5.9654
9.436467 81.302 -6.6791
9.504847 81.429 -7.3937
9.573723 81.555 -8.1095
9.643099 81.680 -8.8266
9.712976 81.804 -9.5448
9.783361 81.928 -10.2639
9.854255 82.051 -10.9835
9.925663 82.173 -11.7039
9.997588 82.295 -12.4251
10.070035 82.415 -13.1471
10.143007 82.535 -13.8695
10.216507 82.655 -14.5920
10.290540 82.773 -15.3147
10.365109 82.891 -16.0376
10.440219 83.007 -16.7609
10.515873 83.124 -17.4840
10.592076 83.239 -18.2067
10.668830 83.354 -18.9290
10.746141 83.467 -19.6511
10.824012 83.581 -20.3729
10.902447 83.693 -21.0941
10.981451 83.805 -21.8145
11.061027 83.916 -22.5342
11.141180 84.026 -23.2534
11.221913 84.136 -23.9719
11.303232 84.245 -24.6898
11.385140 84.354 -25.4068
11.467641 84.462 -26.1233
11.550741 84.570 -26.8393
11.634442 84.677 -27.5550
11.718750 84.784 -28.2704
11.803669 84.890 -28.9856
11.889203 84.995 -29.7010
11.975357 85.101 -30.4167
12.062136 85.206 -31.1329
12.149543 85.310 -31.8500
12.237583 85.414 -32.5681
12.326262 85.517 -33.2875
12.415583 85.620 -34.0083
12.505552 85.723 -34.7310
12.596172 85.825 -35.4556
12.687449 85.926 -36.1822
12.779387 86.027 -36.9109
12.871992 86.126 -37.6417
12.965268 86.225 -38.3747
13.059220 86.324 -39.1097
13.153852 86.421 -39.8461
13.249170 86.517 -40.5838
13.345179 86.612 -41.3228
13.441884 86.707 -42.0624
13.539289 86.800 -42.8016
13.637401 86.892 -43.5401
13.736223 86.982 -44.2777
13.835761 87.072 -45.0136
13.936021 87.161 -45.7469
14.037007 87.249 -46.4774
14.138725 87.336 -47.2049
14.241180 87.423 -47.9290
14.344377 87.508 -48.6495
14.448323 87.594 -49.3665
14.553021 87.679 -50.0805
14.658478 87.763 -50.7920
14.764700 87.848 -51.5013
14.871691 87.933 -52.2093
14.979457 88.017 -52.9170
15.088005 88.101 -53.6255
15.197339 88.186 -54.3353
15.307465 88.270 -55.0473
15.418389 88.354 -55.7627
15.530117 88.437 -56.4818
15.642655 88.520 -57.2046
15.756008 88.601 -57.9312
15.870182 88.682 -58.6615
15.985184 88.762 -59.3948
16.101019 88.840 -60.1298
16.217694 88.917 -60.8655
16.335214 88.992 -61.6009
16.453586 89.066 -62.3341
16.572815 89.138 -63.0635
16.692909 89.209 -63.7884
16.813872 89.280 -64.5076
16.935713 89.349 -65.2201
17.058436 89.418 -65.9260
17.182048 89.486 -66.6257
17.306556 89.554 -67.3198
17.431967 89.623 -68.0095
17.558286 89.692 -68.6968
17.685521 89.762 -69.3835
17.813677 89.832 -70.0712
17.942762 89.902 -70.7625
18.072783 89.972 -71.4589
18.203746 90.043 -72.1614
18.335658 90.112 -72.8710
18.468526 90.181 -73.5878
18.602356 90.249 -74.3109
18.737156 90.314 -75.0390
18.872934 90.378 -75.7707
19.009695 90.440 -76.5034
19.147447 90.500 -77.2345
19.286197 90.559 -77.9622
19.425953 90.615 -78.6840
19.566721 90.670 -79.3984
19.708510 90.724 -80.1045
19.851326 90.777 -80.8020
19.995177 90.830 -81.4913
20.140070 90.883 -82.1738
20.286013 90.937 -82.8510
20.433014 90.990 -83.5248
20.581080 91.044 -84.1975
20.730219 91.098 -84.8706
20.880439 91.152 -85.5456
21.031747 91.206 -86.2233
21.184152 91.259 -86.9038
21.337661 91.312 -87.5866
21.492282 91.363 -88.2710
21.648024 91.414 -88.9556
21.804895 91.463 -89.6392
21.962902 91.512 -90.3209
22.122054 91.560 -90.9996
22.282360 91.607 -91.6752
22.443827 91.654 -92.3479
22.606464 91.700 -93.0181
22.770280 91.746 -93.6866
22.935283 91.792 -94.3541
23.101481 91.838 -95.0212
23.268884 91.883 -95.6882
23.437500 91.927 -96.3548
23.607338 91.971 -97.0206
23.778406 92.013 -97.6848
23.950714 92.056 -98.3464
24.124271 92.097 -99.0050
24.299086 92.138 -99.6602
24.475167 92.179 -100.3124
24.652524 92.220 -100.9625
24.831166 92.261 -101.6117
25.011103 92.302 -102.2616
25.192344 92.342 -102.9134
25.374898 92.382 -103.5679
25.558775 92.422 -104.2252
25.743984 92.460 -104.8844
25.930536 92.496 -105.5441
26.118439 92.532 -106.2019
26.307704 92.566 -106.8558
26.498341 92.598 -107.5038
26.690359 92.630 -108.1451
26.883768 92.662 -108.7798
27.078579 92.693 -109.4091
27.274801 92.725 -110.0353
27.472446 92.756 -110.6610
27.671522 92.788 -111.2888
27.872042 92.819 -111.9204
28.074014 92.849 -112.5562
28.277450 92.877 -113.1950
28.482360 92.903 -113.8346
28.688755 92.927 -114.4711
28.896645 92.949 -115.1006
29.106042 92.969 -115.7194
29.316957 92.987 -116.3247
29.529400 93.005 -116.9152
29.743382 93.022 -117.4913
29.958915 93.040 -118.0548
30.176009 93.059 -118.6086
30.394677 93.079 -119.1562
30.614929 93.100 -119.7013
30.836778 93.122 -120.2472
31.060234 93.145 -120.7964
31.285309 93.168 -121.3509
31.512015 93.192 -121.9121
31.740364 93.215 -122.4809
31.970368 93.238 -123.0575
32.202039 93.259 -123.6416
32.435388 93.279 -124.2322
32.670428 93.298 -124.8274
32.907171 93.314 -125.4244
33.145630 93.329 -126.0197
33.385817 93.341 -126.6096
33.627745 93.351 -127.1909
33.871425 93.360 -127.7608
34.116871 93.369 -128.3182
34.364096 93.377 -128.8634
34.613113 93.386 -129.3984
34.863934 93.396 -129.9260
35.116572 93.407 -130.4498
35.371041 93.419 -130.9729
35.627354 93.431 -131.4981
35.885525 93.444 -132.0270
36.145566 93.457 -132.5605
36.407492 93.469 -133.0985
36.671316 93.481 -133.6404
36.937051 93.492 -134.1853
37.204712 93.501 -134.7318
37.474313 93.510 -135.2786
37.745867 93.518 -135.8243
38.019389 93.524 -136.3674
38.294893 93.530 -136.9070
38.572394 93.534 -137.4428
38.851905 93.538 -137.9749
39.133442 93.541 -138.5037
39.417019 93.544 -139.0296
39.702651 93.545 -139.5518
39.990353 93.546 -140.0692
40.280140 93.546 -140.5796
40.572026 93.546 -141.0812
40.866028 93.545 -141.5733
41.162160 93.545 -142.0572
41.460438 93.546 -142.5358
41.760877 93.549 -143.0135
42.063494 93.552 -143.4943
42.368303 93.556 -143.9810
42.675322 93.560 -144.4738
42.984565 93.563 -144.9714
43.296048 93.565 -145.4709
43.609789 93.566 -145.9697
43.925804 93.566 -146.4660
44.244108 93.566 -146.9589
44.564719 93.565 -147.4482
44.887654 93.564 -147.9335
45.212928 93.562 -148.4140
45.540560 93.559 -148.8885
45.870565 93.556 -149.3568
46.202962 93.553 -149.8194
46.537768 93.550 -150.2784
46.875000 93.547 -150.7358
47.214676 93.542 -151.1917
47.556813 93.537 -151.6438
47.901429 93.530 -152.0872
48.248542 93.521 -152.5175
48.598171 93.513 -152.9331
48.950334 93.505 -153.3373
49.305048 93.499 -153.7369
49.662333 93.494 -154.1380
50.022206 93.488 -154.5427
50.384688 93.481 -154.9481
50.749796 93.474 -155.3497
51.117550 93.467 -155.7475
51.487969 93.462 -156.1492
51.861072 93.458 -156.5673
52.236879 93.453 -157.0105
52.615409 93.444 -157.4760
52.996681 93.430 -157.9479
53.380717 93.410 -158.4045
53.767536 93.387 -158.8304
54.157158 93.364 -159.2237
54.549603 93.345 -159.5955
54.944892 93.329 -159.9616
55.343045 93.315 -160.3337
55.744084 93.302 -160.7159
56.148028 93.289 -161.1052
56.554900 93.276 -161.4951
56.964720 93.262 -161.8783
57.377510 93.249 -162.2510
57.793291 93.238 -162.6182
58.212085 93.230 -162.9958
58.633914 93.224 -163.4014
59.058799 93.214 -163.8387
59.486764 93.196 -164.2863
59.917829 93.170 -164.7053
60.352019 93.140 -165.0639
60.789354 93.113 -165.3616
61.229859 93.092 -165.6303
61.673556 93.077 -165.9090
62.120468 93.064 -166.2168
62.570618 93.048 -166.5445
63.024031 93.029 -166.8721
63.480729 93.009 -167.1886
63.940736 92.989 -167.4966
64.404077 92.970 -167.8027
64.870776 92.952 -168.1104
65.340856 92.934 -168.4224
65.814343 92.919 -168.7460
66.291261 92.903 -169.0883
66.771635 92.886 -169.4454
67.255489 92.865 -169.7995
67.742850 92.842 -170.1330
68.233743 92.820 -170.4445
68.728193 92.801 -170.7487
69.226226 92.782 -171.0574
69.727867 92.761 -171.3653
70.233144 92.738 -171.6563
70.742083 92.715 -171.9245
71.254709 92.694 -172.1831
71.771050 92.675 -172.4497
72.291132 92.654 -172.7291
72.814984 92.630 -173.0142
73.342631 92.604 -173.2993
73.874102 92.576 -173.5829
74.409424 92.546 -173.8575
74.948626 92.514 -174.1100
75.491734 92.486 -174.3405
76.038779 92.464 -174.5730
76.589787 92.445 -174.8355
77.144788 92.426 -175.1305
77.703811 92.403 -175.4339
78.266885 92.379 -175.7231
78.834039 92.355 -175.9949
79.405303 92.333 -176.2576
79.980706 92.310 -176.5159
80.560280 92.287 -176.7677
81.144053 92.264 -177.0096
81.732056 92.240 -177.2404
82.324320 92.215 -177.4624
82.920876 92.191 -177.6806
83.521755 92.166 -177.8986
84.126988 92.141 -178.1164
84.736607 92.116 -178.3338
85.350643 92.091 -178.5547
85.969129 92.066 -178.7838
86.592097 92.040 -179.0191
87.219579 92.012 -179.2518
87.851608 91.984 -179.4732
88.488217 91.956 -179.6819
89.129439 91.930 -179.8842
89.775308 91.904 179.9135
90.425856 91.877 179.7119
91.081119 91.850 179.5178
91.741131 91.823 179.3341
92.405925 91.796 179.1548
93.075536 91.770 178.9709
93.750000 91.744 178.7797
94.429351 91.716 178.5875
95.113625 91.686 178.4013
95.802858 91.657 178.2220
96.497085 91.628 178.0459
97.196342 91.600 177.8713
97.900667 91.571 177.6982
98.610096 91.543 177.5244
99.324665 91.515 177.3485
100.044413 91.487 177.1745
100.769376 91.458 177.0082
101.499592 91.430 176.8482
102.235100 91.403 176.6880
102.975938 91.377 176.5246
103.722144 91.350 176.3617
104.473757 91.324 176.2050
105.230817 91.297 176.0551
105.993363 91.269 175.9088
106.761435 91.240 175.7701
107.535072 91.210 175.6512
108.314315 91.179 175.5542
109.099206 91.151 175.4634
109.889783 91.123 175.3619
110.686090 91.095 175.2436
111.488167 91.065 175.1101
112.296056 91.033 174.9691
113.109800 91.001 174.8318
113.929440 90.969 174.6995
114.755020 90.939 174.5707
115.586582 90.910 174.4568
116.424170 90.885 174.3640
117.267827 90.864 174.2744
118.117598 90.844 174.1710
118.973527 90.824 174.0502
119.835658 90.800 173.9152
120.704037 90.770 173.7840
121.578708 90.738 173.6747
122.459718 90.704 173.5806
123.347111 90.672 173.4896
124.240935 90.640 173.4012
125.141236 90.610 173.3146
126.048061 90.582 173.2280
126.961458 90.554 173.1419
127.881473 90.527 173.0578
128.808154 90.499 172.9737
129.741551 90.469 172.8879
130.681712 90.436 172.8057
131.628686 90.401 172.7341
132.582521 90.364 172.6794
133.543269 90.328 172.6512
134.510979 90.297 172.6428
135.485701 90.272 172.6153
136.467486 90.249 172.5479
137.456386 90.225 172.4605
138.452451 90.201 172.3701
139.455735 90.175 172.2810
140.466288 90.149 172.2021
141.484165 90.121 172.1442
142.509418 90.094 172.1083
143.542100 90.065 172.0876
144.582265 90.036 172.0734
145.629968 90.006 172.0498
146.685262 89.974 171.9952
147.748204 89.940 171.8927
148.818849 89.901 171.7519
149.897251 89.859 171.6140
150.983469 89.818 171.5415
152.077557 89.787 171.5565
153.179574 89.770 171.5984
154.289576 89.760 171.6331
155.407622 89.749 171.6785
156.533770 89.736 171.7336
157.668078 89.720 171.7596
158.810606 89.698 171.7324
159.961413 89.668 171.6769
161.120559 89.633 171.6198
162.288105 89.599 171.5774
163.464112 89.568 171.5546
164.648640 89.540 171.5449
165.841752 89.513 171.5423
167.043510 89.485 171.5471
168.253976 89.458 171.5616
169.473213 89.430 171.5770
170.701286 89.404 171.5840
171.938258 89.379 171.5870
173.184194 89.353 171.5888
174.439158 89.328 171.5836
175.703216 89.302 171.5696
176.976434 89.275 171.5508
178.258878 89.250 171.5229
179.550615 89.225 171.4830
180.851713 89.199 171.4728
182.162239 89.172 171.5292
183.482262 89.148 171.6230
184.811850 89.123 171.7053
186.151073 89.094 171.7524
187.500000 89.062 171.7707
188.858702 89.031 171.7723
190.227250 89.001 171.7728
191.605715 88.974 171.7883
192.994169 88.944 171.8260
194.392685 88.910 171.8715
195.801334 88.875 171.8897
197.220191 88.846 171.8387
198.649330 88.828 171.6830
200.088825 88.816 171.4395
201.538751 88.796 171.2478
202.999184 88.765 171.3342
204.470200 88.738 171.6875
205.951875 88.715 172.0708
207.444287 88.689 172.3400
208.947514 88.657 172.4782
210.461634 88.623 172.5213
211.986726 88.589 172.5413
213.522869 88.553 172.6061
215.070144 88.516 172.7233
216.628631 88.477 172.8577
218.198411 88.438 172.9839
219.779567 88.405 173.1155
221.372180 88.381 173.2775
222.976334 88.365 173.4668
224.592112 88.349 173.6714
226.219600 88.331 173.8745
227.858880 88.307 174.0468
229.510039 88.280 174.2204
231.173164 88.256 174.4244
232.848340 88.238 174.6454
234.535655 88.223 174.8689
236.235197 88.212 175.0735
237.947054 88.203 175.2466
239.671317 88.198 175.4091
241.408074 88.196 175.5893
243.157416 88.199 175.7979
244.919435 88.203 176.0262
246.694223 88.209 176.2538
248.481871 88.215 176.4382
250.282473 88.221 176.5423
252.096123 88.226 176.5839
253.922915 88.231 176.5963
255.762945 88.235 176.6025
257.616309 88.238 176.6103
259.483103 88.239 176.6259
261.363424 88.239 176.6638
263.257372 88.241 176.7223
265.165043 88.244 176.7799
267.086538 88.245 176.8224
269.021957 88.241 176.8367
270.971401 88.231 176.8138
272.934972 88.213 176.7836
274.912771 88.192 176.7654
276.904902 88.171 176.7590
278.911469 88.153 176.7762
280.932577 88.141 176.8218
282.968330 88.132 176.8713
285.018835 88.120 176.9391
287.084199 88.102 177.0673
289.164530 88.085 177.2189
291.259935 88.069 177.3438
293.370525 88.054 177.4286
295.496408 88.037 177.4770
297.637697 88.018 177.5001
299.794503 87.997 177.5281
301.966937 87.980 177.5961
304.155114 87.969 177.7073
306.359147 87.962 177.8284
308.579152 87.955 177.9380
310.815244 87.946 178.0374
313.067539 87.935 178.1335
315.336156 87.923 178.2307
317.621211 87.911 178.3290
319.922826 87.899 178.4186
322.241118 87.886 178.4974
324.576210 87.873 178.5706
326.928223 87.860 178.6436
329.297280 87.847 178.7278
331.683504 87.834 178.8323
334.087019 87.821 178.9541
336.507952 87.808 179.0801
338.946427 87.795 179.1982
341.402572 87.781 179.3030
343.876516 87.768 179.3992
346.368387 87.754 179.4941
348.878315 87.739 179.5922
351.406431 87.725 179.6977
353.952867 87.712 179.8132
356.517756 87.700 179.9368
359.101230 87.688 -179.9381
361.703426 87.677 -179.8162
364.324478 87.664 -179.6994
366.964523 87.652 -179.5847
369.623699 87.639 -179.4624
372.302145 87.627 -179.3266
375.000000 87.616 -179.1854
377.717405 87.605 -179.0479
380.454501 87.593 -178.9129
383.211431 87.581 -178.7757
385.988339 87.570 -178.6367
388.785369 87.558 -178.4973
391.602668 87.547 -178.3549
394.440383 87.536 -178.2083
397.298660 87.525 -178.0590
400.177650 87.514 -177.9092
403.077502 87.503 -177.7572
405.998368 87.493 -177.6022
408.940400 87.484 -177.4429
411.903750 87.476 -177.2761
414.888575 87.469 -177.0987
417.895028 87.461 -176.9149
420.923268 87.453 -176.7403
423.973452 87.444 -176.5797
427.045738 87.435 -176.4217
430.140287 87.427 -176.2592
433.257261 87.420 -176.0921
436.396822 87.414 -175.9240
439.559133 87.409 -175.7546
442.744360 87.405 -175.5786
445.952668 87.402 -175.3951
449.184225 87.399 -175.2088
452.439199 87.397 -175.0244
455.717760 87.395 -174.8473
459.020079 87.393 -174.6771
462.346327 87.391 -174.5096
465.696680 87.390 -174.3424
469.071310 87.389 -174.1758
472.470394 87.389 -174.0128
475.894109 87.388 -173.8549
479.342634 87.388 -173.6984
482.816148 87.388 -173.5385
486.314833 87.388 -173.3777
489.838871 87.389 -173.2212
493.388445 87.388 -173.0687
496.963741 87.387 -172.9168
500.564945 87.385 -172.7620
504.192245 87.383 -172.6043
507.845830 87.380 -172.4461
511.525890 87.378 -172.2882
515.232618 87.376 -172.1294
518.966206 87.374 -171.9681
522.726849 87.372 -171.8027
526.514743 87.369 -171.6341
530.330086 87.367 -171.4645
534.173076 87.365 -171.2945
538.043915 87.363 -171.1226
541.942803 87.361 -170.9516
545.869944 87.361 -170.7837
549.825542 87.360 -170.6149
553.809805 87.360 -170.4427
557.822939 87.360 -170.2673
561.865154 87.360 -170.0892
565.936660 87.360 -169.9076
570.037671 87.360 -169.7217
574.168399 87.360 -169.5340
578.329060 87.360 -169.3483
582.519870 87.360 -169.1629
586.741049 87.362 -168.9756
590.992817 87.364 -168.7872
595.275394 87.365 -168.5990
599.589005 87.367 -168.4111
603.933874 87.369 -168.2208
608.310228 87.372 -168.0273
612.718295 87.374 -167.8335
617.158304 87.376 -167.6411
621.630488 87.378 -167.4476
626.135079 87.381 -167.2517
630.672311 87.384 -167.0549
635.242423 87.388 -166.8580
639.845651 87.392 -166.6624
644.482237 87.396 -166.4688
649.152421 87.400 -166.2759
653.856447 87.404 -166.0817
658.594560 87.408 -165.8839
663.367008 87.414 -165.6796
668.174039 87.420 -165.4718
673.015903 87.427 -165.2654
677.892854 87.434 -165.0608
682.805145 87.440 -164.8572
687.753032 87.447 -164.6531
692.736774 87.454 -164.4487
697.756631 87.462 -164.2440
702.812863 87.470 -164.0367
707.905735 87.478 -163.8268
713.035511 87.485 -163.6172
718.202461 87.494 -163.4088
723.406852 87.502 -163.1995
728.648956 87.511 -162.9888
733.929047 87.520 -162.7790
739.247399 87.529 -162.5716
744.604290 87.538 -162.3649
750.000000 87.548 -162.1556
755.434809 87.559 -161.9436
760.909001 87.570 -161.7319
766.422861 87.581 -161.5222
771.976677 87.593 -161.3134
777.570739 87.605 -161.1023
783.205337 87.616 -160.8870
788.880766 87.628 -160.6707
794.597321 87.639 -160.4574
800.355301 87.652 -160.2479
806.155005 87.665 -160.0419
811.996736 87.678 -159.8395
817.880799 87.692 -159.6393
823.807501 87.705 -159.4387
829.777150 87.719 -159.2381
835.790057 87.732 -159.0402
841.846536 87.745 -158.8466
847.946903 87.758 -158.6562
854.091476 87.769 -158.4659
860.280575 87.778 -158.2690
866.514523 87.786 -158.0579
872.793644 87.791 -157.8276
879.118267 87.798 -157.5739
885.488720 87.806 -157.2956
891.905336 87.818 -156.9992
898.368450 87.834 -156.6995
904.878398 87.855 -156.4139
911.435520 87.878 -156.1475
918.040157 87.902 -155.8977
924.692655 87.926 -155.6622
931.393359 87.950 -155.4380
938.142619 87.973 -155.2200
944.940787 87.995 -155.0025
951.788218 88.016 -154.7835
958.685268 88.038 -154.5629
965.632296 88.060 -154.3405
972.629666 88.082 -154.1176
979.677741 88.104 -153.8942
986.776890 88.127 -153.6691
993.927482 88.150 -153.4428
1001.129891 88.172 -153.2172
1008.384491 88.195 -152.9937
1015.691660 88.219 -152.7708
1023.051781 88.242 -152.5463
1030.465236 88.266 -152.3198
1037.932411 88.291 -152.0939
1045.453698 88.315 -151.8716
1053.029486 88.340 -151.6507
1060.660172 88.366 -151.4273
1068.346153 88.392 -151.1999
1076.087829 88.418 -150.9700
1083.885605 88.445 -150.7391
1091.739887 88.472 -150.5087
1099.651084 88.499 -150.2798
1107.619609 88.527 -150.0529
1115.645878 88.555 -149.8275
1123.730308 88.584 -149.6028
1131.873321 88.613 -149.3785
1140.075341 88.643 -149.1535
1148.336797 88.673 -148.9256
1156.658119 88.703 -148.6962
1165.039741 88.734 -148.4669
1173.482099 88.764 -148.2384
1181.985634 88.796 -148.0108
1190.550789 88.828 -147.7837
1199.178011 88.861 -147.5567
1207.867749 88.894 -147.3304
1216.620457 88.927 -147.1043
1225.436590 88.961 -146.8775
1234.316609 88.996 -146.6493
1243.260976 89.031 -146.4206
1252.270157 89.067 -146.1920
1261.344623 89.104 -145.9639
1270.484846 89.141 -145.7363
1279.691303 89.180 -145.5093
1288.964474 89.218 -145.2832
1298.304842 89.258 -145.0584
1307.712894 89.298 -144.8343
1317.189120 89.339 -144.6116
1326.734016 89.381 -144.3916
1336.348077 89.424 -144.1739
1346.031806 89.467 -143.9581
1355.785708 89.511 -143.7451
1365.610290 89.556 -143.5357
1375.506065 89.602 -143.3306
1385.473549 89.648 -143.1302
1395.513261 89.696 -142.9348
1405.625726 89.744 -142.7441
1415.811469 89.793 -142.5581
1426.071023 89.842 -142.3777
1436.404921 89.891 -142.2028
1446.813703 89.941 -142.0322
1457.297912 89.990 -141.8657
1467.858093 90.040 -141.7039
1478.494798 90.089 -141.5471
1489.208581 90.139 -141.3941
1500.000000 90.189 -141.2436
1510.869618 90.239 -141.0956
1521.818002 90.289 -140.9503
1532.845723 90.340 -140.8078
1543.953355 90.390 -140.6672
1555.141477 90.441 -140.5265
1566.410674 90.492 -140.3855
1577.761531 90.543 -140.2452
1589.194642 90.594 -140.1070
1600.710601 90.646 -139.9707
1612.310010 90.699 -139.8360
1623.993473 90.752 -139.7037
1635.761599 90.806 -139.5747
1647.615002 90.860 -139.4480
1659.554299 90.914 -139.3236
1671.580114 90.969 -139.2015
1683.693072 91.025 -139.0815
1695.893807 91.082 -138.9635
1708.182952 91.139 -138.8475
1720.561150 91.196 -138.7347
1733.029045 91.254 -138.6260
1745.587288 91.313 -138.5211
1758.236533 91.372 -138.4207
1770.977440 91.432 -138.3239
1783.810673 91.492 -138.2310
1796.736900 91.553 -138.1422
1809.756796 91.615 -138.0582
1822.871040 91.678 -137.9796
1836.080315 91.741 -137.9060
1849.385310 91.805 -137.8369
1862.786718 91.869 -137.7726
1876.285239 91.934 -137.7150
1889.881575 92.000 -137.6645
1903.576436 92.066 -137.6198
1917.370535 92.132 -137.5798
1931.264593 92.200 -137.5450
1945.259332 92.268 -137.5166
1959.355483 92.337 -137.4956
1973.553781 92.406 -137.4822
1987.854965 92.476 -137.4767
2002.259781 92.546 -137.4795
2016.768981 92.617 -137.4899
2031.383320 92.688 -137.5072
2046.103561 92.760 -137.5320
2060.930471 92.832 -137.5654
2075.864823 92.905 -137.6080
2090.907395 92.979 -137.6596
2106.058972 93.052 -137.7203
2121.320344 93.126 -137.7908
2136.692305 93.201 -137.8721
2152.175658 93.276 -137.9634
2167.771210 93.351 -138.0637
2183.479774 93.427 -138.1734
2199.302169 93.502 -138.2943
2215.239219 93.578 -138.4264
2231.291755 93.654 -138.5698
2247.460615 93.730 -138.7254
2263.746641 93.807 -138.8933
2280.150683 93.883 -139.0736
2296.673595 93.960 -139.2667
2313.316238 94.037 -139.4725
2330.079481 94.113 -139.6910
2346.964198 94.189 -139.9224
2363.971268 94.265 -140.1676
2381.101578 94.341 -140.4271
2398.356022 94.416 -140.7012
2415.735498 94.491 -140.9897
2433.240913 94.565 -141.2928
2450.873180 94.639 -141.6105
2468.633217 94.713 -141.9428
2486.521951 94.785 -142.2904
2504.540314 94.857 -142.6528
2522.689246 94.928 -143.0301
2540.969692 94.998 -143.4234
2559.382606 95.067 -143.8331
2577.928947 95.134 -144.2583
2596.609683 95.201 -144.6982
2615.425787 95.265 -145.1535
2634.378241 95.328 -145.6246
2653.468031 95.389 -146.1109
2672.696154 95.449 -146.6116
2692.063613 95.507 -147.1270
2711.571415 95.563 -147.6577
2731.220579 95.617 -148.2033
2751.012130 95.669 -148.7631
2770.947098 95.718 -149.3368
2791.026522 95.765 -149.9240
2811.251451 95.810 -150.5238
2831.622938 95.851 -151.1357
2852.142045 95.890 -151.7595
2872.809842 95.926 -152.3956
2893.627406 95.959 -153.0435
2914.595823 95.989 -153.7014
2935.716186 96.016 -154.3679
2956.989596 96.039 -155.0419
2978.417161 96.060 -155.7224
3000.000000 96.077 -156.4089
3021.739237 96.091 -157.1015
3043.636005 96.101 -157.8002
3065.691446 96.108 -158.5044
3087.906710 96.111 -159.2127
3110.282955 96.111 -159.9233
3132.821347 96.107 -160.6348
3155.523062 96.099 -161.3458
3178.389283 96.088 -162.0552
3201.421202 96.073 -162.7627
3224.620020 96.055 -163.4684
3247.986946 96.033 -164.1720
3271.523198 96.008 -164.8721
3295.230004 95.979 -165.5670
3319.108599 95.947 -166.2557
3343.160228 95.912 -166.9377
3367.386145 95.873 -167.6125
3391.787613 95.831 -168.2794
3416.365904 95.786 -168.9378
3441.122300 95.738 -169.5877
3466.058091 95.687 -170.2281
3491.174576 95.634 -170.8581
3516.473066 95.577 -171.4772
3541.954880 95.518 -172.0850
3567.621345 95.456 -172.6812
3593.473800 95.391 -173.2661
3619.513592 95.324 -173.8398
3645.742080 95.254 -174.4024
3672.160630 95.183 -174.9528
3698.770620 95.109 -175.4897
3725.573436 95.032 -176.0127
3752.570477 94.954 -176.5223
3779.763150 94.873 -177.0193
3807.152872 94.791 -177.5044
3834.741071 94.707 -177.9774
3862.529185 94.621 -178.4378
3890.518664 94.534 -178.8849
3918.710966 94.444 -179.3186
3947.107561 94.353 -179.7386
3975.709929 94.260 179.8558
4004.519563 94.165 179.4636
4033.537962 94.068 179.0834
4062.766641 93.970 178.7147
4092.207123 93.870 178.3586
4121.860942 93.769 178.0169
4151.729646 93.667 177.6891
4181.814790 93.563 177.3739
4212.117944 93.457 177.0712
4242.640687 93.350 176.7817
4273.384610 93.241 176.5062
4304.351317 93.130 176.2452
4335.542421 93.018 175.9988
4366.959549 92.905 175.7679
4398.604338 92.790 175.5526
4430.478438 92.674 175.3526
4462.583511 92.556 175.1669
4494.921231 92.437 174.9958
4527.493283 92.316 174.8409
4560.301365 92.195 174.7036
4593.347189 92.072 174.5837
4626.632476 91.947 174.4819
4660.158962 91.822 174.3992
4693.928395 91.694 174.3351
4727.942535 91.566 174.2888
4762.203156 91.437 174.2597
4796.712043 91.307 174.2498
4831.470996 91.176 174.2605
4866.481826 91.043 174.2927
4901.746360 90.910 174.3477
4937.266434 90.775 174.4276
4973.043902 90.639 174.5350
5009.080628 90.502 174.6740
5045.378492 90.366 174.8506
5081.939384 90.232 175.0653
5118.765212 90.103 175.3053
5155.857894 89.977 175.5496
5193.219366 89.853 175.7875
5230.851574 89.729 176.0253
5268.756481 89.604 176.2726
5306.936062 89.477 176.5361
5345.392309 89.350 176.8204
5384.127225 89.222 177.1282
5423.142830 89.094 177.4610
5462.441159 88.968 177.8197
5502.024259 88.842 178.2042
5541.894195 88.718 178.6129
5582.053045 88.594 179.0437
5622.502902 88.473 179.4943
5663.245876 88.353 179.9629
5704.284090 88.236 -179.5476
5745.619684 88.121 -179.0341
5787.254813 88.009 -178.4965
5829.191647 87.899 -177.9366
5871.432373 87.792 -177.3568
5913.979192 87.689 -176.7584
5956.834323 87.589 -176.1431
6000.000000 87.493 -175.5127
6043.478473 87.402 -174.8697
6087.272010 87.316 -174.2167
6131.382892 87.234 -173.5568
6175.813420 87.158 -172.8940
6220.565910 87.086 -172.2325
6265.642695 87.019 -171.5746
6311.046124 86.955 -170.9223
6356.778566 86.895 -170.2769
6402.842404 86.837 -169.6378
6449.240040 86.783 -169.0030
6495.973891 86.731 -168.3690
6543.046396 86.683 -167.7317
6590.460007 86.639 -167.0883
6638.217197 86.600 -166.4383
6686.320456 86.567 -165.7845
6734.772290 86.540 -165.1317
6783.575226 86.520 -164.4855
6832.731809 86.508 -163.8506
6882.244600 86.504 -163.2312
6932.116181 86.509 -162.6326
6982.349153 86.522 -162.0608
7032.946133 86.544 -161.5233
7083.909760 86.575 -161.0286
7135.242690 86.615 -160.5841
7186.947600 86.664 -160.1974
7239.027185 86.722 -159.8772
7291.484160 86.788 -159.6318
7344.321260 86.863 -159.4686
7397.541239 86.945 -159.3989
7451.146872 87.034 -159.4351
7505.140954 87.130 -159.5886
7559.526299 87.231 -159.8726
7614.305743 87.337 -160.3029
7669.482141 87.444 -160.8956
7725.058371 87.550 -161.6658
7781.037328 87.652 -162.6261
7837.421932 87.745 -163.7858
7894.215122 87.824 -165.1480
7951.419859 87.884 -166.7070
8009.039125 87.918 -168.4479
8067.075924 87.923 -170.3462
8125.533282 87.893 -172.3706
8184.414245 87.827 -174.4868
8243.721885 87.723 -176.6591
8303.459292 87.582 -178.8514
8363.629581 87.402 178.9694
8424.235888 87.187 176.8320
8485.281374 86.936 174.7632
8546.769221 86.653 172.7871
8608.702634 86.338 170.9251
8671.084842 85.997 169.1972
8733.919097 85.631 167.6207
8797.208675 85.244 166.2072
8860.956876 84.839 164.9657
8925.167022 84.420 163.9044
8989.842461 83.988 163.0270
9054.986566 83.548 162.3310
9120.602731 83.103 161.8113
9186.694378 82.654 161.4644
9253.264952 82.205 161.2866
9320.317925 81.757 161.2717
9387.856790 81.312 161.4153
9455.885071 80.870 161.7118
9524.406312 80.433 162.1542
9593.424086 80.002 162.7402
9662.941992 79.577 163.4730
9732.963653 79.158 164.3571
9803.492719 78.748 165.3968
9874.532869 78.347 166.6005
9946.087805 77.959 167.9813
10018.161257 77.586 169.5483
10090.756983 77.234 171.3098
10163.878768 76.908 173.2748
10237.530423 76.614 175.4487
10311.715789 76.363 177.8247
10386.438732 76.164 -179.6333
10461.703149 76.028 -176.9895
10537.512962 75.963 -174.3388
10613.872125 75.973 -171.8118
10690.784618 76.054 -169.5560
10768.254450 76.194 -167.7086
10846.285661 76.372 -166.3678
10924.882318 76.563 -165.5636
11004.048518 76.744 -165.2588
11083.788390 76.895 -165.3667
11164.106090 77.005 -165.7714
11245.005805 77.070 -166.3542
11326.491752 77.092 -167.0133
11408.568180 77.079 -167.6633
11491.239368 77.037 -168.2469
11574.509626 76.975 -168.7347
11658.383294 76.900 -169.1104
11742.864745 76.819 -169.3717
11827.958384 76.740 -169.5283
11913.668646 76.667 -169.5963
12000.000000 76.602 -169.5909
12086.956947 76.549 -169.5336
12174.544019 76.507 -169.4431
12262.765784 76.479 -169.3298
12351.626840 76.468 -169.2103
12441.131819 76.477 -169.1076
12531.285389 76.505 -169.0410
12622.092249 76.551 -169.0288
12713.557132 76.615 -169.0867
12805.684808 76.697 -169.2259
12898.480079 76.800 -169.4569
12991.947783 76.925 -169.7919
13086.092792 77.070 -170.2498
13180.920015 77.235 -170.8549
13276.434395 77.421 -171.6286
13372.640911 77.627 -172.5862
13469.544580 77.854 -173.7449
13567.150452 78.101 -175.1287
13665.463617 78.367 -176.7645
13764.489200 78.652 -178.6806
13864.232362 78.955 179.0873
13964.698305 79.275 176.4973
14065.892266 79.608 173.5085
14167.819519 79.949 170.0803
14270.485380 80.292 166.1722
14373.895200 80.629 161.7562
14478.054370 80.951 156.8160
14582.968320 81.246 151.3399
14688.642520 81.503 145.3292
14795.082478 81.707 138.8067
14902.293745 81.848 131.8192
15010.281908 81.915 124.4327
15119.052599 81.902 116.7310
15228.611486 81.806 108.8096
15338.964283 81.628 100.7609
15450.116741 81.374 92.6644
15562.074656 81.055 84.5843
15674.843864 80.682 76.5624
15788.430244 80.269 68.6140
15902.839718 79.831 60.7324
16018.078250 79.377 52.8944
16134.151848 78.919 45.0632
16251.066563 78.463 37.1862
16368.828491 78.015 29.2032
16487.443769 77.577 21.0607
16606.918584 77.152 12.7164
16727.259161 76.741 4.1337
16848.471777 76.343 -4.7200
16970.562748 75.958 -13.8743
17093.538442 75.586 -23.3687
17217.405268 75.225 -33.2444
17342.169684 74.873 -43.5354
17467.838194 74.528 -54.2620
17594.417350 74.189 -65.4437
17721.913751 73.855 -77.0903
17850.334044 73.526 -89.2078
17979.684923 73.200 -101.8265
18109.973131 72.878 -114.9917
18241.205462 72.557 -128.7323
18373.388756 72.239 -143.0668
18506.529905 71.920 -158.0353
18640.635849 71.599 -173.7032
18775.713581 71.271 169.8561
18911.770141 70.929 152.5638
19048.812624 70.563 134.3568
19186.848172 70.159 115.1979
19325.883983 69.696 95.0494
19465.927305 69.153 73.8564
19606.985439 68.523 51.6481
19749.065738 67.842 28.8934
19892.175609 67.224 7.6633
20036.322514 66.858 -6.5941
