* Measurement data measured by REW V5.31.3
* Source: Headset (USB-C to 3.5mm Headphone Jack Adapter), MICROPHONE (Master Volume), R, volume: 0.250. Timing signal peak level -33.2 dBFS, measurement signal peak level -26.1 dBFS
* Format: 256k Log Swept Sine, 1 sweep at -12.0 dBFS using an acoustic timing reference
* Dated: Dec 6, 2025 3:41:02 AM
* REW Settings:
*  C-weighting compensation: Off
*  Target level: 75.0 dB
* Note: stock tips; Delay -0.0332 ms (-11 mm, -0.45 in) using estimated IR delay relative to Acoustic reference played from  R with no timing offset Clock adjustment: 1.6 ppm
* Measurement: Truthear Gate shortwide R
* Smoothing: 1/24 octave
* Frequency Step: 96 ppo
* Start Frequency: 0.36621094 Hz
*
* Freq(Hz) SPL(dB) Phase(degrees)
0.366211 42.375 159.4974
0.368865 42.370 159.4736
0.371538 42.363 159.4386
0.374230 42.355 159.3980
0.376942 42.347 159.3543
0.379673 42.338 159.3083
0.382424 42.330 159.2604
0.385196 42.321 159.2107
0.387987 42.313 159.1590
0.390798 42.304 159.1055
0.393630 42.295 159.0501
0.396483 42.286 158.9928
0.399356 42.277 158.9335
0.402250 42.268 158.8723
0.405165 42.259 158.8092
0.408101 42.250 158.7440
0.411058 42.241 158.6769
0.414037 42.232 158.6077
0.417037 42.223 158.5366
0.420059 42.213 158.4633
0.423103 42.204 158.3881
0.426169 42.194 158.3107
0.429257 42.185 158.2313
0.432368 42.175 158.1498
0.435501 42.165 158.0661
0.438656 42.156 157.9803
0.441835 42.146 157.8924
0.445037 42.136 157.8024
0.448262 42.126 157.7101
0.451510 42.116 157.6157
0.454782 42.106 157.5192
0.458077 42.095 157.4204
0.461397 42.085 157.3195
0.464740 42.075 157.2163
0.468108 42.064 157.1109
0.471500 42.054 157.0034
0.474917 42.043 156.8936
0.478358 42.033 156.7816
0.481825 42.022 156.6673
0.485316 42.011 156.5509
0.488833 42.000 156.4322
0.492375 41.989 156.3114
0.495943 41.978 156.1883
0.499537 41.967 156.0630
0.503157 41.956 155.9355
0.506803 41.945 155.8058
0.510475 41.933 155.6740
0.514175 41.922 155.5400
0.517900 41.910 155.4038
0.521653 41.899 155.2655
0.525434 41.887 155.1251
0.529241 41.875 154.9827
0.533076 41.863 154.8381
0.536939 41.851 154.6915
0.540830 41.839 154.5429
0.544749 41.827 154.3924
0.548696 41.815 154.2399
0.552673 41.802 154.0855
0.556677 41.790 153.9292
0.560711 41.778 153.7712
0.564774 41.765 153.6113
0.568867 41.752 153.4498
0.572989 41.740 153.2866
0.577141 41.727 153.1218
0.581324 41.714 152.9555
0.585536 41.701 152.7877
0.589779 41.688 152.6185
0.594053 41.674 152.4481
0.598358 41.661 152.2764
0.602694 41.648 152.1035
0.607061 41.634 151.9296
0.611460 41.620 151.7547
0.615891 41.607 151.5790
0.620354 41.593 151.4026
0.624849 41.579 151.2255
0.629377 41.565 151.0479
0.633938 41.551 150.8700
0.638532 41.537 150.6918
0.643159 41.522 150.5135
0.647819 41.508 150.3353
0.652514 41.493 150.1572
0.657242 41.479 149.9796
0.662005 41.464 149.8024
0.666802 41.449 149.6260
0.671634 41.434 149.4505
0.676501 41.419 149.2761
0.681403 41.404 149.1030
0.686341 41.389 148.9314
0.691314 41.373 148.7616
0.696324 41.358 148.5938
0.701370 41.342 148.4281
0.706452 41.326 148.2650
0.711571 41.310 148.1045
0.716728 41.294 147.9471
0.721921 41.278 147.7927
0.727153 41.262 147.6415
0.732422 41.246 147.4930
0.737729 41.229 147.3460
0.743075 41.212 147.1993
0.748460 41.195 147.0524
0.753883 41.177 146.9049
0.759346 41.159 146.7567
0.764849 41.140 146.6078
0.770391 41.120 146.4583
0.775974 41.101 146.3081
0.781597 41.080 146.1573
0.787261 41.060 146.0060
0.792966 41.038 145.8541
0.798712 41.017 145.7016
0.804500 40.995 145.5487
0.810329 40.973 145.3954
0.816201 40.950 145.2417
0.822116 40.927 145.0876
0.828073 40.904 144.9333
0.834074 40.880 144.7789
0.840118 40.856 144.6242
0.846206 40.832 144.4695
0.852338 40.808 144.3149
0.858514 40.784 144.1603
0.864735 40.759 144.0060
0.871001 40.734 143.8519
0.877313 40.710 143.6983
0.883670 40.685 143.5452
0.890074 40.660 143.3927
0.896524 40.635 143.2411
0.903020 40.610 143.0903
0.909564 40.586 142.9406
0.916155 40.561 142.7922
0.922794 40.537 142.6451
0.929481 40.513 142.4996
0.936216 40.490 142.3558
0.943000 40.466 142.2140
0.949834 40.443 142.0744
0.956717 40.421 141.9371
0.963649 40.399 141.8024
0.970632 40.377 141.6706
0.977666 40.356 141.5419
0.984750 40.336 141.4165
0.991886 40.317 141.2947
0.999074 40.298 141.1768
1.006314 40.281 141.0631
1.013606 40.264 140.9540
1.020951 40.248 140.8496
1.028349 40.233 140.7504
1.035801 40.220 140.6567
1.043307 40.208 140.5689
1.050867 40.197 140.4872
1.058482 40.188 140.4120
1.066152 40.180 140.3438
1.073878 40.174 140.2830
1.081660 40.169 140.2299
1.089498 40.166 140.1853
1.097393 40.165 140.1504
1.105345 40.165 140.1266
1.113355 40.167 140.1158
1.121423 40.169 140.1188
1.129549 40.173 140.1358
1.137734 40.177 140.1664
1.145979 40.182 140.2105
1.154283 40.189 140.2676
1.162647 40.196 140.3374
1.171072 40.205 140.4193
1.179558 40.215 140.5129
1.188106 40.226 140.6176
1.196715 40.238 140.7329
1.205387 40.251 140.8582
1.214122 40.266 140.9928
1.222920 40.282 141.1361
1.231782 40.299 141.2873
1.240708 40.318 141.4457
1.249699 40.339 141.6104
1.258754 40.361 141.7807
1.267876 40.385 141.9555
1.277063 40.410 142.1341
1.286318 40.437 142.3153
1.295639 40.466 142.4983
1.305027 40.496 142.6819
1.314484 40.529 142.8650
1.324009 40.564 143.0466
1.333604 40.600 143.2254
1.343268 40.639 143.4003
1.353002 40.680 143.5700
1.362806 40.723 143.7333
1.372681 40.768 143.8890
1.382628 40.816 144.0357
1.392647 40.867 144.1722
1.402739 40.919 144.2972
1.412904 40.975 144.4095
1.423142 41.033 144.5077
1.433455 41.094 144.5909
1.443843 41.158 144.6584
1.454305 41.225 144.7108
1.464844 41.295 144.7511
1.475459 41.369 144.7858
1.486150 41.448 144.8212
1.496920 41.530 144.8603
1.507767 41.617 144.9034
1.518693 41.708 144.9496
1.529698 41.803 144.9977
1.540783 41.902 145.0463
1.551948 42.005 145.0941
1.563194 42.112 145.1397
1.574521 42.223 145.1816
1.585931 42.337 145.2185
1.597423 42.455 145.2490
1.608999 42.576 145.2717
1.620658 42.700 145.2854
1.632402 42.827 145.2887
1.644232 42.957 145.2804
1.656146 43.090 145.2592
1.668147 43.225 145.2239
1.680235 43.363 145.1734
1.692411 43.503 145.1065
1.704675 43.644 145.0221
1.717028 43.788 144.9192
1.729470 43.932 144.7967
1.742003 44.078 144.6537
1.754626 44.225 144.4893
1.767341 44.373 144.3027
1.780147 44.521 144.0929
1.793047 44.669 143.8596
1.806040 44.817 143.6025
1.819128 44.965 143.3230
1.832310 45.114 143.0249
1.845587 45.264 142.7151
1.858961 45.415 142.3999
1.872432 45.570 142.0820
1.886001 45.727 141.7619
1.899667 45.886 141.4391
1.913433 46.048 141.1126
1.927299 46.212 140.7816
1.941265 46.379 140.4450
1.955332 46.547 140.1019
1.969501 46.718 139.7511
1.983773 46.890 139.3919
1.998148 47.064 139.0231
2.012627 47.240 138.6440
2.027212 47.417 138.2534
2.041902 47.595 137.8507
2.056698 47.774 137.4349
2.071602 47.954 137.0051
2.086614 48.134 136.5604
2.101734 48.315 136.1001
2.116964 48.497 135.6233
2.132304 48.678 135.1292
2.147756 48.859 134.6171
2.163320 49.039 134.0866
2.178996 49.219 133.5380
2.194786 49.399 132.9733
2.210690 49.578 132.3967
2.226710 49.758 131.8135
2.242845 49.938 131.2265
2.259098 50.119 130.6368
2.275468 50.300 130.0447
2.291957 50.482 129.4497
2.308566 50.665 128.8517
2.325295 50.848 128.2502
2.342145 51.031 127.6446
2.359117 51.215 127.0346
2.376212 51.399 126.4196
2.393431 51.583 125.7989
2.410775 51.768 125.1720
2.428244 51.952 124.5384
2.445840 52.137 123.8972
2.463564 52.322 123.2480
2.481416 52.507 122.5900
2.499397 52.692 121.9226
2.517509 52.877 121.2451
2.535752 53.062 120.5574
2.554127 53.246 119.8596
2.572635 53.431 119.1535
2.591277 53.615 118.4420
2.610055 53.799 117.7272
2.628968 53.982 117.0104
2.648019 54.166 116.2920
2.667208 54.349 115.5722
2.686535 54.532 114.8511
2.706003 54.715 114.1288
2.725612 54.898 113.4050
2.745363 55.081 112.6796
2.765257 55.263 111.9524
2.785295 55.446 111.2231
2.805478 55.628 110.4914
2.825808 55.810 109.7569
2.846285 55.992 109.0192
2.866910 56.173 108.2780
2.887685 56.355 107.5327
2.908611 56.537 106.7832
2.929688 56.718 106.0297
2.950917 56.899 105.2732
2.972301 57.079 104.5148
2.993839 57.259 103.7555
3.015534 57.439 102.9958
3.037386 57.618 102.2359
3.059396 57.797 101.4762
3.081565 57.975 100.7166
3.103896 58.153 99.9572
3.126388 58.330 99.1981
3.149043 58.507 98.4390
3.171862 58.684 97.6800
3.194847 58.861 96.9209
3.217998 59.037 96.1614
3.241317 59.214 95.4012
3.264805 59.390 94.6403
3.288463 59.566 93.8783
3.312293 59.742 93.1155
3.336295 59.917 92.3522
3.360471 60.091 91.5889
3.384822 60.265 90.8261
3.409350 60.439 90.0639
3.434056 60.612 89.3028
3.458940 60.784 88.5428
3.484005 60.956 87.7841
3.509252 61.128 87.0268
3.534681 61.300 86.2710
3.560295 61.471 85.5165
3.586094 61.642 84.7634
3.612081 61.813 84.0116
3.638255 61.983 83.2609
3.664620 62.154 82.5113
3.691175 62.324 81.7627
3.717923 62.494 81.0153
3.744864 62.663 80.2692
3.772001 62.831 79.5246
3.799335 62.999 78.7817
3.826866 63.167 78.0405
3.854597 63.334 77.3011
3.882529 63.501 76.5636
3.910664 63.668 75.8280
3.939002 63.835 75.0942
3.967546 64.001 74.3623
3.996296 64.167 73.6321
4.025255 64.334 72.9037
4.054423 64.500 72.1770
4.083804 64.665 71.4522
4.113396 64.830 70.7292
4.143204 64.995 70.0082
4.173227 65.160 69.2892
4.203468 65.324 68.5722
4.233928 65.487 67.8571
4.264609 65.651 67.1440
4.295512 65.814 66.4327
4.326639 65.977 65.7231
4.357992 66.141 65.0153
4.389572 66.304 64.3091
4.421380 66.467 63.6049
4.453419 66.630 62.9027
4.485691 66.792 62.2026
4.518196 66.954 61.5045
4.550936 67.116 60.8084
4.583914 67.278 60.1141
4.617131 67.439 59.4215
4.650589 67.600 58.7303
4.684289 67.762 58.0405
4.718233 67.923 57.3518
4.752424 68.084 56.6644
4.786862 68.245 55.9785
4.821549 68.406 55.2945
4.856488 68.567 54.6123
4.891680 68.727 53.9320
4.927127 68.888 53.2533
4.962831 69.048 52.5757
4.998794 69.208 51.8992
5.035017 69.368 51.2233
5.071503 69.528 50.5479
5.108253 69.688 49.8729
5.145270 69.848 49.1985
5.182555 70.008 48.5254
5.220110 70.168 47.8536
5.257937 70.328 47.1831
5.296038 70.487 46.5135
5.334415 70.647 45.8444
5.373071 70.806 45.1753
5.412006 70.965 44.5058
5.451224 71.125 43.8356
5.490725 71.284 43.1647
5.530514 71.443 42.4938
5.570590 71.602 41.8232
5.610957 71.762 41.1530
5.651616 71.920 40.4830
5.692570 72.079 39.8126
5.733821 72.238 39.1413
5.775370 72.397 38.4686
5.817221 72.555 37.7941
5.859375 72.714 37.1177
5.901834 72.872 36.4400
5.944602 73.030 35.7613
5.987679 73.188 35.0819
6.031068 73.346 34.4014
6.074771 73.504 33.7196
6.118792 73.661 33.0358
6.163131 73.818 32.3497
6.207792 73.975 31.6609
6.252776 74.131 30.9696
6.298086 74.287 30.2760
6.343725 74.443 29.5804
6.389694 74.599 28.8831
6.435996 74.754 28.1840
6.482634 74.908 27.4828
6.529610 75.062 26.7795
6.576926 75.216 26.0737
6.624585 75.368 25.3652
6.672590 75.521 24.6541
6.720942 75.672 23.9408
6.769645 75.823 23.2255
6.818700 75.974 22.5088
6.868111 76.124 21.7908
6.917881 76.273 21.0718
6.968010 76.421 20.3515
7.018504 76.568 19.6294
7.069362 76.715 18.9054
7.120590 76.860 18.1801
7.172189 77.005 17.4543
7.224161 77.149 16.7286
7.276511 77.293 16.0036
7.329239 77.435 15.2792
7.382350 77.577 14.5549
7.435845 77.717 13.8303
7.489729 77.857 13.1059
7.544002 77.996 12.3823
7.598669 78.134 11.6603
7.653732 78.272 10.9404
7.709194 78.409 10.2228
7.765058 78.545 9.5068
7.821327 78.680 8.7922
7.878004 78.814 8.0791
7.935091 78.948 7.3679
7.992592 79.082 6.6590
8.050510 79.215 5.9526
8.108847 79.348 5.2486
8.167607 79.480 4.5467
8.226793 79.611 3.8465
8.286408 79.743 3.1479
8.346454 79.874 2.4507
8.406936 80.004 1.7547
8.467856 80.135 1.0599
8.529218 80.265 0.3663
8.591024 80.396 -0.3265
8.653278 80.525 -1.0192
8.715983 80.655 -1.7121
8.779143 80.784 -2.4059
8.842760 80.914 -3.1006
8.906839 81.043 -3.7961
8.971381 81.172 -4.4927
9.036392 81.300 -5.1908
9.101873 81.428 -5.8910
9.167829 81.556 -6.5935
9.234263 81.683 -7.2986
9.301178 81.810 -8.0061
9.368578 81.936 -8.7159
9.436467 82.062 -9.4279
9.504847 82.187 -10.1422
9.573723 82.311 -10.8590
9.643099 82.434 -11.5785
9.712976 82.557 -12.3001
9.783361 82.678 -13.0232
9.854255 82.799 -13.7472
9.925663 82.919 -14.4721
9.997588 83.038 -15.1982
10.070035 83.155 -15.9252
10.143007 83.272 -16.6522
10.216507 83.388 -17.3784
10.290540 83.503 -18.1034
10.365109 83.617 -18.8277
10.440219 83.731 -19.5512
10.515873 83.843 -20.2733
10.592076 83.955 -20.9934
10.668830 84.066 -21.7114
10.746141 84.176 -22.4276
10.824012 84.285 -23.1422
10.902447 84.395 -23.8553
10.981451 84.503 -24.5667
11.061027 84.611 -25.2768
11.141180 84.719 -25.9856
11.221913 84.827 -26.6938
11.303232 84.934 -27.4017
11.385140 85.041 -28.1097
11.467641 85.147 -28.8179
11.550741 85.253 -29.5267
11.634442 85.359 -30.2364
11.718750 85.464 -30.9475
11.803669 85.568 -31.6601
11.889203 85.672 -32.3743
11.975357 85.776 -33.0902
12.062136 85.879 -33.8075
12.149543 85.981 -34.5265
12.237583 86.082 -35.2471
12.326262 86.183 -35.9690
12.415583 86.283 -36.6916
12.505552 86.382 -37.4148
12.596172 86.480 -38.1386
12.687449 86.577 -38.8627
12.779387 86.673 -39.5863
12.871992 86.769 -40.3092
12.965268 86.863 -41.0314
13.059220 86.957 -41.7529
13.153852 87.051 -42.4734
13.249170 87.143 -43.1927
13.345179 87.235 -43.9109
13.441884 87.326 -44.6283
13.539289 87.417 -45.3449
13.637401 87.508 -46.0609
13.736223 87.597 -46.7764
13.835761 87.686 -47.4916
13.936021 87.775 -48.2067
14.037007 87.863 -48.9220
14.138725 87.951 -49.6374
14.241180 88.038 -50.3528
14.344377 88.124 -51.0683
14.448323 88.209 -51.7838
14.553021 88.294 -52.4992
14.658478 88.378 -53.2140
14.764700 88.462 -53.9283
14.871691 88.545 -54.6419
14.979457 88.627 -55.3545
15.088005 88.708 -56.0661
15.197339 88.789 -56.7767
15.307465 88.870 -57.4865
15.418389 88.950 -58.1958
15.530117 89.030 -58.9047
15.642655 89.109 -59.6139
15.756008 89.188 -60.3239
15.870182 89.267 -61.0352
15.985184 89.345 -61.7482
16.101019 89.422 -62.4634
16.217694 89.499 -63.1813
16.335214 89.575 -63.9016
16.453586 89.650 -64.6243
16.572815 89.724 -65.3490
16.692909 89.797 -66.0752
16.813872 89.868 -66.8017
16.935713 89.938 -67.5275
17.058436 90.007 -68.2516
17.182048 90.074 -68.9724
17.306556 90.140 -69.6888
17.431967 90.205 -70.3999
17.558286 90.269 -71.1049
17.685521 90.332 -71.8031
17.813677 90.395 -72.4948
17.942762 90.458 -73.1805
18.072783 90.521 -73.8608
18.203746 90.584 -74.5372
18.335658 90.647 -75.2113
18.468526 90.711 -75.8847
18.602356 90.775 -76.5592
18.737156 90.839 -77.2366
18.872934 90.903 -77.9181
19.009695 90.967 -78.6045
19.147447 91.030 -79.2965
19.286197 91.093 -79.9936
19.425953 91.154 -80.6952
19.566721 91.214 -81.4002
19.708510 91.273 -82.1070
19.851326 91.330 -82.8137
19.995177 91.386 -83.5190
20.140070 91.440 -84.2210
20.286013 91.493 -84.9187
20.433014 91.545 -85.6113
20.581080 91.596 -86.2987
20.730219 91.647 -86.9812
20.880439 91.698 -87.6597
21.031747 91.749 -88.3354
21.184152 91.800 -89.0098
21.337661 91.850 -89.6842
21.492282 91.901 -90.3598
21.648024 91.951 -91.0375
21.804895 92.000 -91.7177
21.962902 92.049 -92.4001
22.122054 92.097 -93.0841
22.282360 92.143 -93.7687
22.443827 92.188 -94.4524
22.606464 92.232 -95.1340
22.770280 92.275 -95.8122
22.935283 92.317 -96.4861
23.101481 92.358 -97.1549
23.268884 92.399 -97.8185
23.437500 92.439 -98.4772
23.607338 92.479 -99.1315
23.778406 92.518 -99.7822
23.950714 92.558 -100.4301
24.124271 92.597 -101.0757
24.299086 92.636 -101.7196
24.475167 92.674 -102.3620
24.652524 92.713 -103.0028
24.831166 92.750 -103.6417
25.011103 92.788 -104.2786
25.192344 92.825 -104.9132
25.374898 92.862 -105.5458
25.558775 92.898 -106.1767
25.743984 92.934 -106.8068
25.930536 92.971 -107.4370
26.118439 93.007 -108.0684
26.307704 93.042 -108.7017
26.498341 93.077 -109.3374
26.690359 93.111 -109.9753
26.883768 93.144 -110.6145
27.078579 93.175 -111.2538
27.274801 93.206 -111.8912
27.472446 93.234 -112.5251
27.671522 93.262 -113.1538
27.872042 93.289 -113.7765
28.074014 93.315 -114.3931
28.277450 93.341 -115.0046
28.482360 93.367 -115.6125
28.688755 93.393 -116.2187
28.896645 93.418 -116.8250
29.106042 93.444 -117.4325
29.316957 93.468 -118.0415
29.529400 93.491 -118.6511
29.743382 93.514 -119.2596
29.958915 93.534 -119.8650
30.176009 93.554 -120.4652
30.394677 93.574 -121.0593
30.614929 93.593 -121.6475
30.836778 93.612 -122.2314
31.060234 93.631 -122.8138
31.285309 93.651 -123.3980
31.512015 93.670 -123.9866
31.740364 93.689 -124.5807
31.970368 93.707 -125.1794
32.202039 93.722 -125.7796
32.435388 93.735 -126.3761
32.670428 93.746 -126.9632
32.907171 93.756 -127.5360
33.145630 93.764 -128.0914
33.385817 93.774 -128.6296
33.627745 93.785 -129.1545
33.871425 93.798 -129.6729
34.116871 93.814 -130.1932
34.364096 93.832 -130.7230
34.613113 93.850 -131.2679
34.863934 93.867 -131.8292
35.116572 93.883 -132.4039
35.371041 93.895 -132.9852
35.627354 93.904 -133.5644
35.885525 93.909 -134.1332
36.145566 93.913 -134.6855
36.407492 93.917 -135.2197
36.671316 93.920 -135.7379
36.937051 93.925 -136.2457
37.204712 93.932 -136.7505
37.474313 93.939 -137.2583
37.745867 93.947 -137.7729
38.019389 93.955 -138.2949
38.294893 93.961 -138.8223
38.572394 93.966 -139.3519
38.851905 93.969 -139.8806
39.133442 93.971 -140.4055
39.417019 93.972 -140.9250
39.702651 93.972 -141.4375
39.990353 93.972 -141.9420
40.280140 93.971 -142.4378
40.572026 93.972 -142.9256
40.866028 93.973 -143.4091
41.162160 93.976 -143.8941
41.460438 93.981 -144.3876
41.760877 93.985 -144.8948
42.063494 93.988 -145.4159
42.368303 93.988 -145.9441
42.675322 93.984 -146.4672
42.984565 93.977 -146.9722
43.296048 93.968 -147.4505
43.609789 93.961 -147.9017
43.925804 93.956 -148.3350
44.244108 93.955 -148.7654
44.564719 93.956 -149.2062
44.887654 93.958 -149.6632
45.212928 93.957 -150.1324
45.540560 93.954 -150.6037
45.870565 93.948 -151.0664
46.202962 93.941 -151.5150
46.537768 93.934 -151.9518
46.875000 93.929 -152.3845
47.214676 93.924 -152.8204
47.556813 93.918 -153.2618
47.901429 93.911 -153.7051
48.248542 93.903 -154.1441
48.598171 93.894 -154.5753
48.950334 93.885 -154.9999
49.305048 93.878 -155.4239
49.662333 93.871 -155.8540
50.022206 93.864 -156.2936
50.384688 93.855 -156.7405
50.749796 93.844 -157.1882
51.117550 93.831 -157.6281
51.487969 93.816 -158.0531
51.861072 93.800 -158.4597
52.236879 93.785 -158.8492
52.615409 93.772 -159.2273
52.996681 93.759 -159.6014
53.380717 93.748 -159.9772
53.767536 93.736 -160.3561
54.157158 93.724 -160.7358
54.549603 93.710 -161.1142
54.944892 93.696 -161.4917
55.343045 93.682 -161.8707
55.744084 93.666 -162.2514
56.148028 93.648 -162.6295
56.554900 93.630 -163.0005
56.964720 93.613 -163.3682
57.377510 93.597 -163.7483
57.793291 93.582 -164.1573
58.212085 93.562 -164.5927
58.633914 93.534 -165.0237
59.058799 93.500 -165.4049
59.486764 93.466 -165.7093
59.917829 93.443 -165.9553
60.352019 93.434 -166.1996
60.789354 93.434 -166.4975
61.229859 93.435 -166.8647
61.673556 93.431 -167.2724
62.120468 93.420 -167.6778
62.570618 93.407 -168.0576
63.024031 93.394 -168.4167
63.480729 93.381 -168.7695
63.940736 93.368 -169.1202
64.404077 93.351 -169.4607
64.870776 93.334 -169.7852
65.340856 93.317 -170.0983
65.814343 93.300 -170.4103
66.291261 93.282 -170.7263
66.771635 93.262 -171.0437
67.255489 93.240 -171.3590
67.742850 93.218 -171.6721
68.233743 93.195 -171.9846
68.728193 93.172 -172.2969
69.226226 93.149 -172.6090
69.727867 93.126 -172.9237
70.233144 93.104 -173.2433
70.742083 93.081 -173.5643
71.254709 93.057 -173.8777
71.771050 93.034 -174.1773
72.291132 93.012 -174.4664
72.814984 92.991 -174.7534
73.342631 92.970 -175.0411
73.874102 92.949 -175.3251
74.409424 92.928 -175.6026
74.948626 92.906 -175.8784
75.491734 92.883 -176.1579
76.038779 92.858 -176.4363
76.589787 92.830 -176.7021
77.144788 92.802 -176.9512
77.703811 92.775 -177.1926
78.266885 92.749 -177.4377
78.834039 92.723 -177.6895
79.405303 92.695 -177.9439
79.980706 92.668 -178.1976
80.560280 92.641 -178.4512
81.144053 92.613 -178.7045
81.732056 92.586 -178.9542
82.324320 92.558 -179.1979
82.920876 92.532 -179.4370
83.521755 92.505 -179.6737
84.126988 92.478 -179.9077
84.736607 92.451 179.8639
85.350643 92.424 179.6426
85.969129 92.396 179.4277
86.592097 92.369 179.2172
87.219579 92.342 179.0098
87.851608 92.315 178.8045
88.488217 92.288 178.5986
89.129439 92.261 178.3894
89.775308 92.234 178.1768
90.425856 92.205 177.9643
91.081119 92.176 177.7553
91.741131 92.147 177.5510
92.405925 92.117 177.3525
93.075536 92.088 177.1620
93.750000 92.059 176.9801
94.429351 92.031 176.8026
95.113625 92.005 176.6219
95.802858 91.978 176.4341
96.497085 91.951 176.2425
97.196342 91.922 176.0528
97.900667 91.893 175.8680
98.610096 91.863 175.6878
99.324665 91.834 175.5107
100.044413 91.805 175.3342
100.769376 91.776 175.1571
101.499592 91.746 174.9857
102.235100 91.716 174.8291
102.975938 91.687 174.6903
103.722144 91.659 174.5616
104.473757 91.633 174.4308
105.230817 91.606 174.2902
105.993363 91.577 174.1437
106.761435 91.546 174.0006
107.535072 91.514 173.8630
108.314315 91.482 173.7271
109.099206 91.450 173.5937
109.889783 91.420 173.4624
110.686090 91.392 173.3249
111.488167 91.365 173.1763
112.296056 91.339 173.0240
113.109800 91.312 172.8757
113.929440 91.285 172.7318
114.755020 91.255 172.5959
115.586582 91.224 172.4769
116.424170 91.192 172.3711
117.267827 91.160 172.2648
118.117598 91.127 172.1566
118.973527 91.093 172.0521
119.835658 91.061 171.9544
120.704037 91.030 171.8664
121.578708 91.000 171.7848
122.459718 90.973 171.7071
123.347111 90.945 171.6357
124.240935 90.918 171.5636
125.141236 90.889 171.4841
126.048061 90.857 171.4055
126.961458 90.823 171.3363
127.881473 90.791 171.2683
128.808154 90.762 171.1797
129.741551 90.734 171.0573
130.681712 90.706 170.9057
131.628686 90.675 170.7446
132.582521 90.641 170.5997
133.543269 90.605 170.4968
134.510979 90.569 170.4595
135.485701 90.540 170.4706
136.467486 90.516 170.4727
137.456386 90.494 170.4404
138.452451 90.468 170.3923
139.455735 90.440 170.3408
140.466288 90.411 170.2825
141.484165 90.380 170.2223
142.509418 90.349 170.1669
143.542100 90.319 170.1110
144.582265 90.291 170.0544
145.629968 90.265 170.0061
146.685262 90.239 169.9746
147.748204 90.215 169.9654
148.818849 90.192 169.9786
149.897251 90.171 169.9964
150.983469 90.149 169.9812
152.077557 90.121 169.9260
153.179574 90.085 169.8742
154.289576 90.046 169.8477
155.407622 90.009 169.8308
156.533770 89.977 169.8107
157.668078 89.947 169.7823
158.810606 89.920 169.7423
159.961413 89.893 169.6977
161.120559 89.865 169.6624
162.288105 89.837 169.6409
163.464112 89.808 169.6281
164.648640 89.780 169.6188
165.841752 89.753 169.6109
167.043510 89.726 169.6086
168.253976 89.699 169.6172
169.473213 89.672 169.6311
170.701286 89.645 169.6422
171.938258 89.617 169.6477
173.184194 89.587 169.6500
174.439158 89.559 169.6515
175.703216 89.534 169.6483
176.976434 89.511 169.6366
178.258878 89.489 169.6169
179.550615 89.465 169.5961
180.851713 89.438 169.5982
182.162239 89.407 169.6345
183.482262 89.376 169.6839
184.811850 89.346 169.7244
186.151073 89.316 169.7516
187.500000 89.289 169.7737
188.858702 89.263 169.7964
190.227250 89.238 169.8219
191.605715 89.213 169.8494
192.994169 89.187 169.8726
194.392685 89.161 169.8872
195.801334 89.137 169.9029
197.220191 89.117 169.9399
198.649330 89.104 170.0043
200.088825 89.095 170.0730
201.538751 89.082 170.1142
202.999184 89.057 170.1415
204.470200 89.020 170.2060
205.951875 88.981 170.2986
207.444287 88.946 170.3823
208.947514 88.917 170.4392
210.461634 88.890 170.4761
211.986726 88.865 170.5087
213.522869 88.840 170.5438
215.070144 88.816 170.5756
216.628631 88.793 170.6040
218.198411 88.769 170.6438
219.779567 88.745 170.7139
221.372180 88.720 170.8100
222.976334 88.695 170.9151
224.592112 88.669 171.0166
226.219600 88.644 171.1037
227.858880 88.620 171.1681
229.510039 88.597 171.2144
231.173164 88.574 171.2556
232.848340 88.551 171.2996
234.535655 88.529 171.3497
236.235197 88.508 171.4097
237.947054 88.486 171.4798
239.671317 88.464 171.5550
241.408074 88.441 171.6370
243.157416 88.417 171.7274
244.919435 88.393 171.8224
246.694223 88.371 171.9173
248.481871 88.350 172.0030
250.282473 88.330 172.0842
252.096123 88.308 172.1745
253.922915 88.286 172.2772
255.762945 88.265 172.3878
257.616309 88.243 172.4980
259.483103 88.222 172.5944
261.363424 88.200 172.6713
263.257372 88.177 172.7378
265.165043 88.156 172.8052
267.086538 88.139 172.8773
269.021957 88.122 172.9637
270.971401 88.103 173.0800
272.934972 88.081 173.2176
274.912771 88.057 173.3492
276.904902 88.036 173.4649
278.911469 88.018 173.5859
280.932577 88.001 173.7417
282.968330 87.985 173.9261
285.018835 87.965 174.0876
287.084199 87.943 174.2012
289.164530 87.918 174.2909
291.259935 87.893 174.3882
293.370525 87.871 174.5079
295.496408 87.851 174.6486
297.637697 87.829 174.7943
299.794503 87.802 174.9316
301.966937 87.774 175.0687
304.155114 87.750 175.2112
306.359147 87.732 175.3480
308.579152 87.718 175.4902
310.815244 87.703 175.6497
313.067539 87.687 175.8247
315.336156 87.668 176.0140
317.621211 87.649 176.2160
319.922826 87.630 176.4197
322.241118 87.613 176.6196
324.576210 87.599 176.8196
326.928223 87.587 177.0295
329.297280 87.575 177.2620
331.683504 87.562 177.5130
334.087019 87.550 177.7579
336.507952 87.540 177.9760
338.946427 87.533 178.1650
341.402572 87.532 178.3467
343.876516 87.537 178.5374
346.368387 87.543 178.7294
348.878315 87.548 178.9180
351.406431 87.552 179.0989
353.952867 87.557 179.2595
356.517756 87.565 179.3925
359.101230 87.574 179.4976
361.703426 87.586 179.5850
364.324478 87.600 179.6671
366.964523 87.615 179.7494
369.623699 87.623 179.8271
372.302145 87.616 179.9069
375.000000 87.598 -179.9938
377.717405 87.579 -179.8885
380.454501 87.564 -179.7906
383.211431 87.551 -179.7060
385.988339 87.536 -179.6317
388.785369 87.523 -179.5572
391.602668 87.510 -179.4659
394.440383 87.500 -179.3533
397.298660 87.490 -179.2303
400.177650 87.481 -179.1051
403.077502 87.472 -178.9836
405.998368 87.462 -178.8695
408.940400 87.451 -178.7573
411.903750 87.441 -178.6394
414.888575 87.432 -178.5159
417.895028 87.423 -178.3899
420.923268 87.413 -178.2523
423.973452 87.401 -178.0950
427.045738 87.390 -177.9301
430.140287 87.379 -177.7712
433.257261 87.369 -177.6193
436.396822 87.360 -177.4686
439.559133 87.351 -177.3143
442.744360 87.343 -177.1557
445.952668 87.335 -176.9948
449.184225 87.327 -176.8321
452.439199 87.320 -176.6677
455.717760 87.313 -176.4998
459.020079 87.306 -176.3271
462.346327 87.298 -176.1532
465.696680 87.290 -175.9814
469.071310 87.284 -175.8115
472.470394 87.277 -175.6421
475.894109 87.271 -175.4724
479.342634 87.265 -175.3016
482.816148 87.259 -175.1288
486.314833 87.252 -174.9524
489.838871 87.246 -174.7728
493.388445 87.240 -174.5921
496.963741 87.234 -174.4117
500.564945 87.228 -174.2312
504.192245 87.223 -174.0496
507.845830 87.220 -173.8679
511.525890 87.217 -173.6864
515.232618 87.213 -173.5033
518.966206 87.210 -173.3172
522.726849 87.205 -173.1299
526.514743 87.202 -172.9415
530.330086 87.198 -172.7500
534.173076 87.196 -172.5559
538.043915 87.193 -172.3617
541.942803 87.191 -172.1699
545.869944 87.189 -171.9802
549.825542 87.187 -171.7909
553.809805 87.185 -171.5997
557.822939 87.184 -171.4065
561.865154 87.183 -171.2125
565.936660 87.182 -171.0189
570.037671 87.180 -170.8261
574.168399 87.180 -170.6326
578.329060 87.179 -170.4369
582.519870 87.179 -170.2382
586.741049 87.180 -170.0356
590.992817 87.181 -169.8300
595.275394 87.182 -169.6229
599.589005 87.183 -169.4171
603.933874 87.184 -169.2153
608.310228 87.185 -169.0146
612.718295 87.186 -168.8111
617.158304 87.187 -168.6043
621.630488 87.189 -168.3963
626.135079 87.191 -168.1885
630.672311 87.194 -167.9796
635.242423 87.197 -167.7680
639.845651 87.201 -167.5557
644.482237 87.205 -167.3467
649.152421 87.209 -167.1420
653.856447 87.213 -166.9394
658.594560 87.217 -166.7354
663.367008 87.220 -166.5230
668.174039 87.223 -166.3031
673.015903 87.227 -166.0822
677.892854 87.232 -165.8634
682.805145 87.237 -165.6455
687.753032 87.242 -165.4272
692.736774 87.248 -165.2080
697.756631 87.253 -164.9873
702.812863 87.259 -164.7656
707.905735 87.265 -164.5434
713.035511 87.273 -164.3220
718.202461 87.280 -164.1003
723.406852 87.287 -163.8764
728.648956 87.295 -163.6500
733.929047 87.303 -163.4230
739.247399 87.312 -163.1961
744.604290 87.320 -162.9687
750.000000 87.330 -162.7422
755.434809 87.339 -162.5177
760.909001 87.348 -162.2946
766.422861 87.357 -162.0724
771.976677 87.365 -161.8504
777.570739 87.374 -161.6280
783.205337 87.383 -161.4003
788.880766 87.394 -161.1667
794.597321 87.404 -160.9308
800.355301 87.414 -160.6944
806.155005 87.423 -160.4563
811.996736 87.432 -160.2137
817.880799 87.442 -159.9629
823.807501 87.452 -159.7028
829.777150 87.462 -159.4345
835.790057 87.474 -159.1594
841.846536 87.488 -158.8763
847.946903 87.505 -158.5858
854.091476 87.524 -158.2923
860.280575 87.547 -158.0051
866.514523 87.572 -157.7317
872.793644 87.599 -157.4769
879.118267 87.627 -157.2439
885.488720 87.653 -157.0303
891.905336 87.678 -156.8300
898.368450 87.701 -156.6411
904.878398 87.722 -156.4633
911.435520 87.743 -156.2883
918.040157 87.762 -156.1066
924.692655 87.780 -155.9151
931.393359 87.798 -155.7146
938.142619 87.815 -155.5077
944.940787 87.833 -155.2964
951.788218 87.850 -155.0815
958.685268 87.868 -154.8638
965.632296 87.886 -154.6436
972.629666 87.905 -154.4219
979.677741 87.924 -154.1999
986.776890 87.944 -153.9771
993.927482 87.963 -153.7516
1001.129891 87.984 -153.5234
1008.384491 88.005 -153.2915
1015.691660 88.027 -153.0568
1023.051781 88.049 -152.8229
1030.465236 88.071 -152.5910
1037.932411 88.094 -152.3604
1045.453698 88.117 -152.1293
1053.029486 88.141 -151.8970
1060.660172 88.164 -151.6652
1068.346153 88.188 -151.4344
1076.087829 88.212 -151.2028
1083.885605 88.237 -150.9687
1091.739887 88.263 -150.7331
1099.651084 88.289 -150.4980
1107.619609 88.315 -150.2638
1115.645878 88.342 -150.0301
1123.730308 88.369 -149.7960
1131.873321 88.396 -149.5608
1140.075341 88.424 -149.3250
1148.336797 88.453 -149.0909
1156.658119 88.482 -148.8572
1165.039741 88.512 -148.6236
1173.482099 88.541 -148.3907
1181.985634 88.571 -148.1585
1190.550789 88.602 -147.9267
1199.178011 88.633 -147.6943
1207.867749 88.664 -147.4623
1216.620457 88.696 -147.2299
1225.436590 88.729 -146.9966
1234.316609 88.762 -146.7639
1243.260976 88.795 -146.5323
1252.270157 88.828 -146.3000
1261.344623 88.863 -146.0667
1270.484846 88.898 -145.8331
1279.691303 88.933 -145.6010
1288.964474 88.969 -145.3711
1298.304842 89.006 -145.1424
1307.712894 89.044 -144.9137
1317.189120 89.082 -144.6851
1326.734016 89.121 -144.4564
1336.348077 89.160 -144.2282
1346.031806 89.200 -144.0014
1355.785708 89.240 -143.7769
1365.610290 89.281 -143.5544
1375.506065 89.323 -143.3331
1385.473549 89.366 -143.1142
1395.513261 89.409 -142.8980
1405.625726 89.454 -142.6832
1415.811469 89.499 -142.4704
1426.071023 89.544 -142.2606
1436.404921 89.590 -142.0545
1446.813703 89.637 -141.8517
1457.297912 89.685 -141.6526
1467.858093 89.733 -141.4572
1478.494798 89.782 -141.2657
1489.208581 89.831 -141.0780
1500.000000 89.881 -140.8949
1510.869618 89.931 -140.7175
1521.818002 89.982 -140.5461
1532.845723 90.032 -140.3798
1543.953355 90.083 -140.2171
1555.141477 90.134 -140.0574
1566.410674 90.185 -139.9006
1577.761531 90.236 -139.7465
1589.194642 90.287 -139.5947
1600.710601 90.339 -139.4451
1612.310010 90.391 -139.2990
1623.993473 90.443 -139.1572
1635.761599 90.496 -139.0180
1647.615002 90.549 -138.8795
1659.554299 90.603 -138.7422
1671.580114 90.656 -138.6071
1683.693072 90.710 -138.4739
1695.893807 90.765 -138.3420
1708.182952 90.819 -138.2129
1720.561150 90.875 -138.0875
1733.029045 90.931 -137.9659
1745.587288 90.988 -137.8470
1758.236533 91.045 -137.7302
1770.977440 91.103 -137.6152
1783.810673 91.162 -137.5023
1796.736900 91.221 -137.3943
1809.756796 91.280 -137.2930
1822.871040 91.341 -137.1972
1836.080315 91.401 -137.1044
1849.385310 91.462 -137.0142
1862.786718 91.524 -136.9283
1876.285239 91.586 -136.8475
1889.881575 91.650 -136.7713
1903.576436 91.713 -136.7000
1917.370535 91.778 -136.6336
1931.264593 91.843 -136.5722
1945.259332 91.909 -136.5167
1959.355483 91.975 -136.4684
1973.553781 92.043 -136.4272
1987.854965 92.110 -136.3928
2002.259781 92.178 -136.3648
2016.768981 92.246 -136.3439
2031.383320 92.314 -136.3304
2046.103561 92.384 -136.3239
2060.930471 92.454 -136.3237
2075.864823 92.525 -136.3299
2090.907395 92.596 -136.3442
2106.058972 92.668 -136.3683
2121.320344 92.740 -136.4027
2136.692305 92.812 -136.4466
2152.175658 92.885 -136.5001
2167.771210 92.958 -136.5629
2183.479774 93.032 -136.6349
2199.302169 93.106 -136.7163
2215.239219 93.180 -136.8070
2231.291755 93.255 -136.9077
2247.460615 93.330 -137.0193
2263.746641 93.406 -137.1422
2280.150683 93.481 -137.2759
2296.673595 93.557 -137.4207
2313.316238 93.632 -137.5775
2330.079481 93.708 -137.7474
2346.964198 93.784 -137.9305
2363.971268 93.860 -138.1262
2381.101578 93.935 -138.3342
2398.356022 94.011 -138.5555
2415.735498 94.086 -138.7911
2433.240913 94.161 -139.0408
2450.873180 94.236 -139.3041
2468.633217 94.310 -139.5812
2486.521951 94.384 -139.8731
2504.540314 94.458 -140.1803
2522.689246 94.530 -140.5027
2540.969692 94.602 -140.8405
2559.382606 94.673 -141.1939
2577.928947 94.743 -141.5625
2596.609683 94.812 -141.9454
2615.425787 94.881 -142.3435
2634.378241 94.947 -142.7576
2653.468031 95.013 -143.1873
2672.696154 95.077 -143.6327
2692.063613 95.139 -144.0940
2711.571415 95.200 -144.5716
2731.220579 95.260 -145.0654
2751.012130 95.317 -145.5743
2770.947098 95.372 -146.0980
2791.026522 95.425 -146.6367
2811.251451 95.476 -147.1906
2831.622938 95.525 -147.7590
2852.142045 95.571 -148.3411
2872.809842 95.615 -148.9362
2893.627406 95.655 -149.5435
2914.595823 95.693 -150.1624
2935.716186 95.729 -150.7926
2956.989596 95.761 -151.4345
2978.417161 95.790 -152.0879
3000.000000 95.816 -152.7517
3021.739237 95.839 -153.4249
3043.636005 95.858 -154.1060
3065.691446 95.874 -154.7940
3087.906710 95.886 -155.4889
3110.282955 95.895 -156.1898
3132.821347 95.900 -156.8954
3155.523062 95.901 -157.6048
3178.389283 95.898 -158.3172
3201.421202 95.892 -159.0316
3224.620020 95.882 -159.7467
3247.986946 95.868 -160.4614
3271.523198 95.851 -161.1745
3295.230004 95.829 -161.8851
3319.108599 95.804 -162.5927
3343.160228 95.775 -163.2964
3367.386145 95.743 -163.9951
3391.787613 95.707 -164.6877
3416.365904 95.667 -165.3732
3441.122300 95.624 -166.0515
3466.058091 95.577 -166.7218
3491.174576 95.527 -167.3827
3516.473066 95.473 -168.0329
3541.954880 95.416 -168.6720
3567.621345 95.356 -169.3001
3593.473800 95.293 -169.9172
3619.513592 95.227 -170.5227
3645.742080 95.158 -171.1158
3672.160630 95.086 -171.6955
3698.770620 95.011 -172.2614
3725.573436 94.934 -172.8123
3752.570477 94.854 -173.3487
3779.763150 94.772 -173.8716
3807.152872 94.687 -174.3800
3834.741071 94.600 -174.8729
3862.529185 94.510 -175.3500
3890.518664 94.418 -175.8111
3918.710966 94.325 -176.2570
3947.107561 94.229 -176.6881
3975.709929 94.131 -177.1034
4004.519563 94.031 -177.5021
4033.537962 93.929 -177.8832
4062.766641 93.826 -178.2469
4092.207123 93.721 -178.5937
4121.860942 93.614 -178.9237
4151.729646 93.505 -179.2371
4181.814790 93.395 -179.5338
4212.117944 93.284 -179.8134
4242.640687 93.170 179.9243
4273.384610 93.055 179.6788
4304.351317 92.939 179.4503
4335.542421 92.821 179.2397
4366.959549 92.702 179.0476
4398.604338 92.582 178.8740
4430.478438 92.461 178.7186
4462.583511 92.338 178.5822
4494.921231 92.215 178.4655
4527.493283 92.090 178.3673
4560.301365 91.964 178.2879
4593.347189 91.837 178.2280
4626.632476 91.710 178.1882
4660.158962 91.581 178.1681
4693.928395 91.451 178.1675
4727.942535 91.321 178.1870
4762.203156 91.189 178.2284
4796.712043 91.057 178.2919
4831.470996 90.924 178.3779
4866.481826 90.790 178.4864
4901.746360 90.656 178.6172
4937.266434 90.522 178.7711
4973.043902 90.387 178.9488
5009.080628 90.252 179.1501
5045.378492 90.117 179.3763
5081.939384 89.982 179.6294
5118.765212 89.847 179.9119
5155.857894 89.712 -179.7710
5193.219366 89.579 -179.4136
5230.851574 89.448 -179.0127
5268.756481 89.322 -178.5720
5306.936062 89.203 -178.1084
5345.392309 89.091 -177.6498
5384.127225 88.983 -177.2193
5423.142830 88.876 -176.8151
5462.441159 88.765 -176.4160
5502.024259 88.652 -176.0012
5541.894195 88.539 -175.5582
5582.053045 88.426 -175.0832
5622.502902 88.315 -174.5801
5663.245876 88.206 -174.0553
5704.284090 88.099 -173.5128
5745.619684 87.994 -172.9544
5787.254813 87.892 -172.3798
5829.191647 87.793 -171.7882
5871.432373 87.697 -171.1812
5913.979192 87.603 -170.5609
5956.834323 87.512 -169.9288
6000.000000 87.425 -169.2860
6043.478473 87.341 -168.6339
6087.272010 87.261 -167.9731
6131.382892 87.185 -167.3045
6175.813420 87.112 -166.6302
6220.565910 87.043 -165.9519
6265.642695 86.977 -165.2701
6311.046124 86.916 -164.5850
6356.778566 86.858 -163.8975
6402.842404 86.805 -163.2105
6449.240040 86.756 -162.5264
6495.973891 86.712 -161.8462
6543.046396 86.673 -161.1709
6590.460007 86.638 -160.5037
6638.217197 86.607 -159.8478
6686.320456 86.582 -159.2047
6734.772290 86.561 -158.5740
6783.575226 86.545 -157.9560
6832.731809 86.534 -157.3522
6882.244600 86.528 -156.7639
6932.116181 86.528 -156.1924
6982.349153 86.534 -155.6411
7032.946133 86.546 -155.1152
7083.909760 86.565 -154.6181
7135.242690 86.591 -154.1517
7186.947600 86.626 -153.7208
7239.027185 86.668 -153.3339
7291.484160 86.719 -153.0026
7344.321260 86.779 -152.7372
7397.541239 86.846 -152.5467
7451.146872 86.922 -152.4412
7505.140954 87.005 -152.4325
7559.526299 87.096 -152.5340
7614.305743 87.192 -152.7607
7669.482141 87.293 -153.1282
7725.058371 87.396 -153.6523
7781.037328 87.497 -154.3480
7837.421932 87.595 -155.2261
7894.215122 87.683 -156.2921
7951.419859 87.759 -157.5463
8009.039125 87.816 -158.9816
8067.075924 87.850 -160.5817
8125.533282 87.857 -162.3232
8184.414245 87.835 -164.1775
8243.721885 87.781 -166.1146
8303.459292 87.696 -168.1089
8363.629581 87.579 -170.1393
8424.235888 87.431 -172.1882
8485.281374 87.250 -174.2379
8546.769221 87.039 -176.2672
8608.702634 86.795 -178.2537
8671.084842 86.521 179.8251
8733.919097 86.216 177.9936
8797.208675 85.883 176.2752
8860.956876 85.523 174.6895
8925.167022 85.138 173.2547
8989.842461 84.733 171.9868
9054.986566 84.310 170.8977
9120.602731 83.872 169.9973
9186.694378 83.422 169.2924
9253.264952 82.962 168.7878
9320.317925 82.496 168.4875
9387.856790 82.027 168.3945
9455.885071 81.557 168.5117
9524.406312 81.089 168.8421
9593.424086 80.627 169.3899
9662.941992 80.173 170.1608
9732.963653 79.733 171.1594
9803.492719 79.310 172.3865
9874.532869 78.909 173.8430
9946.087805 78.536 175.5295
10018.161257 78.197 177.4415
10090.756983 77.901 179.5634
10163.878768 77.661 -178.1451
10237.530423 77.487 -175.7608
10311.715789 77.384 -173.3933
10386.438732 77.353 -171.1709
10461.703149 77.386 -169.2227
10537.512962 77.471 -167.6601
10613.872125 77.589 -166.5602
10690.784618 77.718 -165.9476
10768.254450 77.838 -165.7864
10846.285661 77.932 -165.9947
10924.882318 77.987 -166.4682
11004.048518 78.000 -167.1026
11083.788390 77.970 -167.8024
11164.106090 77.903 -168.4891
11245.005805 77.806 -169.1061
11326.491752 77.686 -169.6160
11408.568180 77.551 -169.9990
11491.239368 77.408 -170.2495
11574.509626 77.265 -170.3739
11658.383294 77.125 -170.3826
11742.864745 76.993 -170.2894
11827.958384 76.871 -170.1073
11913.668646 76.760 -169.8515
12000.000000 76.663 -169.5468
12086.956947 76.582 -169.2152
12174.544019 76.518 -168.8669
12262.765784 76.471 -168.5131
12351.626840 76.442 -168.1685
12441.131819 76.431 -167.8422
12531.285389 76.439 -167.5445
12622.092249 76.465 -167.2933
12713.557132 76.510 -167.1073
12805.684808 76.574 -167.0005
12898.480079 76.658 -166.9849
12991.947783 76.763 -167.0696
13086.092792 76.888 -167.2618
13180.920015 77.034 -167.5793
13276.434395 77.201 -168.0450
13372.640911 77.389 -168.6785
13469.544580 77.599 -169.4989
13567.150452 77.830 -170.5304
13665.463617 78.080 -171.7976
13764.489200 78.350 -173.3200
13864.232362 78.640 -175.1158
13964.698305 78.951 -177.2175
14065.892266 79.281 -179.6740
14167.819519 79.626 177.4641
14270.485380 79.985 174.1526
14373.895200 80.352 170.3453
14478.054370 80.721 165.9907
14582.968320 81.081 161.0410
14688.642520 81.418 155.4684
14795.082478 81.715 149.2725
14902.293745 81.958 142.4758
15010.281908 82.129 135.1248
15119.052599 82.215 127.2949
15228.611486 82.206 119.0893
15338.964283 82.098 110.6254
15450.116741 81.891 102.0193
15562.074656 81.594 93.3740
15674.843864 81.219 84.7706
15788.430244 80.780 76.2641
15902.839718 80.293 67.8745
16018.078250 79.775 59.5881
16134.151848 79.241 51.3697
16251.066563 78.705 43.1755
16368.828491 78.175 34.9539
16487.443769 77.658 26.6429
16606.918584 77.157 18.1807
16727.259161 76.675 9.5082
16848.471777 76.214 0.5685
16970.562748 75.774 -8.6884
17093.538442 75.354 -18.3058
17217.405268 74.955 -28.3195
17342.169684 74.572 -38.7598
17467.838194 74.206 -49.6575
17594.417350 73.856 -61.0425
17721.913751 73.519 -72.9349
17850.334044 73.194 -85.3488
17979.684923 72.880 -98.2968
18109.973131 72.575 -111.7936
18241.205462 72.279 -125.8670
18373.388756 71.986 -140.5595
18506.529905 71.693 -155.9135
18640.635849 71.395 -171.9712
18775.713581 71.084 171.2129
18911.770141 70.749 153.5843
19048.812624 70.380 135.0911
19186.848172 69.961 115.7241
19325.883983 69.473 95.4710
19465.927305 68.900 74.3002
19606.985439 68.241 52.2710
19749.065738 67.538 29.8776
19892.175609 66.907 9.1292
20036.322514 66.536 -4.7171
