20	-2.0315585548033708
20.290906698750476	-1.9713504114976321
20.586044732869844	-1.913747338028962
20.885475648548283	-1.8591211879360943
21.189261887185914	-1.807822151888856
21.49746679841394	-1.7601721926486467
21.810154653305165	-1.7164587472711137
22.12739065777668	-1.6769289290320284
22.449240966187475	-1.6417844571797828
22.77577269513385	-1.6111775237391317
23.107053937445478	-1.5852077733958279
23.44315377638505	-1.5639205265959082
23.784142300054445	-1.5473063203832589
24.130090616010463	-1.5353017802499944
24.481070866093134	-1.5277917741184734
24.837156241469714	-1.4926339444190964
25.1984209978975	-1.4526724952083576
25.56494047120865	-1.4144893679004005
25.936791093020236	-1.3878783377668213
26.3140504066728	-1.3526079617134386
26.69679708340074	-1.318427515039951
27.08511093873791	-1.2897066141602505
27.47907294916184	-1.2622721743296217
27.878765268980047	-1.2397510602148887
28.284271247461966	-1.2156042978967347
28.695675446220072	-1.184465803204354
29.11306365684382	-1.1585275305967424
29.536522918790062	-1.1290230752822654
29.966141537533712	-1.102113853464732
30.402009102982383	-1.0758947052696013
30.844216508158908	-1.0435864712471181
31.29285596815558	-1.0188930971579624
31.74802103936409	-0.9825562102471359
32.20980663898519	-0.9545375662086655
32.67830906482211	-0.9141957303091766
33.153626015361866	-0.882029748846219
33.63585661014871	-0.8376426568955808
34.125101410453844	-0.8008861675100603
34.62146244024586	-0.7620186046290356
35.12504320746613	-0.72066440920069
35.635948725613716	-0.6771699748271831
36.15428553564419	-0.6313717073374718
36.68016172818701	-0.5828733281851544
37.21368696608603	-0.5323342768209369
37.754972507267915	-0.47911970887096533
38.30413122794313	-0.4235814094562209
38.86127764614443	-0.36588670137177903
39.4265279456077	-0.3156746219840376
40.000000000000206	-0.2529621533657531
40.58181339750116	-0.18813384900327934
41.1720894657399	-0.12106545350742914
41.77095129709678	-0.051684252969194766
42.37852377437204	0.020118154173347058
42.9949335968281	0.09420905629644905
43.62030930661056	0.1569328034745947
44.25478131555359	0.22082361048425714
44.89848193237519	0.2874518569471327
45.55154539026795	0.363266237386612
46.21410787489121	0.4386387118231583
46.88630755277036	0.520348303318932
47.56828460010916	0.5967563274234888
48.260181232021196	0.6791110439950576
48.962141732186545	0.7449244537016244
49.674312482939705	0.8138198766963329
50.39684199579528	0.8940874230099531
51.129880942417586	0.9791769241113695
51.873582186040764	1.0640836328266592
52.628100813345895	1.1584400401633257
53.393594166801776	1.2488432391614284
54.17022187747612	1.3451667733944301
54.95814589832399	1.440279444448513
55.75753053796041	1.5379293760444175
56.56854249492426	1.6489751326152655
57.39135089244048	1.7543171543543825
58.226127313687975	1.8730490453068547
59.073045837580466	1.996116822389193
59.932283075067765	2.121008464238266
60.804018205965114	2.2386246098223723
61.68843301631817	2.3509798549759187
62.58571193631152	2.4777853719006853
63.49604207872855	2.6097365202526017
64.41961327797075	2.752097255286136
65.35661812964459	2.897565440553233
66.3072520307241	3.0436123645024975
67.27171322029778	3.1930612890942847
68.25020282090806	3.346578639587541
69.2429248804921	3.5022713870824744
70.25008641493265	3.6601969661272946
71.27189745122783	3.8185315585187305
72.30857107128878	3.965795609470072
73.36032345637442	4.114651248920382
74.42737393217246	4.261244453773049
75.50994501453623	4.396832712340765
76.60826245588666	4.534393302620137
77.72255529228926	4.658898534749259
78.85305589121582	4.7713852377169435
80.00000000000082	4.875856294058641
81.16362679500274	4.96600066002019
82.34417893148023	5.042053026281179
83.541902594194	5.11181837560407
84.75704754874454	5.16709621118404
85.98986719365665	5.223530437648423
87.24061861322157	5.267245032878131
88.50956263110764	5.309013942313808
89.79696386475084	5.351607398410298
91.10309078053635	5.387608554557289
92.42821574978288	5.431220928236687
93.77261510554118	5.490464696596781
95.13656920021877	5.555129132547681
96.52036246404286	5.626005595647255
97.92428346437356	5.712519593508983
99.34862496587989	5.824902972814988
100.79368399159105	5.941930680554229
102.25976188483567	6.0696037271779995
103.74716437208203	6.202656257971939
105.25620162669229	6.324264717501625
106.78718833360406	6.408275741882617
108.34044375495276	6.440478048335837
109.9162917966485	6.404002982218309
111.51506107592134	6.292623009311924
113.13708498984903	6.1013420610940505
114.78270178488147	5.859848255426529
116.45225462737648	5.585642935744983
118.14609167516147	5.291893915386474
119.86456615013608	5.007765322457277
121.60803641193078	4.733110896886155
123.3768660326369	4.472837148737697
125.17142387262359	4.229308526243209
126.99208415745765	4.001832930650455
128.83922655594208	3.780050403583036
130.71323625928977	3.5815948548682046
132.61450406144883	3.39643034803748
134.5434264405962	3.2295873343571806
136.50040564181674	3.0732508168151007
138.48584976098482	2.9148597503272904
140.50017282986593	2.772961862914474
142.5437949024563	2.6531512811303504
144.61714214257822	2.5290653593475185
146.7206469127495	2.4133533413698522
148.8547478643456	2.307245940894534
151.01989002907314	2.1986324346925517
153.216524911774	2.094591047080396
155.4451105845792	1.9947695606274412
157.70611178243232	1.899006091157012
160.00000000000236	1.8069257584977785
162.3272535900062	1.7183854320059557
164.6883578629612	1.6420932204748735
167.08380518838874	1.561250848616373
169.51409509748981	1.48199207326802
171.97973438731407	1.4079914089639516
174.4812372264439	1.341690302180922
177.01912526221608	1.2699481014458243
179.5939277295025	1.2002567807353264
182.20618156107355	1.1424099288747596
184.85643149956664	1.080988834593644
187.54523021108326	1.020997725922905
190.27313840043846	0.970873784977679
193.04072492808663	0.9221209936714891
195.84856692874806	0.8740250267871219
198.69724993176072	0.8260603785668359
201.58736798318304	0.7901619049288622
204.5195237696723	0.7566170902092861
207.49432874416505	0.732548977844484
210.5124032533856	0.6977575662511839
213.57437666720915	0.6722058946848937
216.68088750990657	0.6597888678265327
219.83258359329807	0.6360935676121451
223.03012215184378	0.6144525596611832
226.2741699796992	0.6019996637968852
229.5654035697641	0.5903225126241876
232.90450925475412	0.58136110571485
236.2921833503241	0.5646021818134792
239.72913230027333	0.5585071993955375
243.21607282386276	0.550168563037392
246.75373206527502	0.5395581651358352
250.34284774524843	0.5266767900237661
253.9841683149166	0.5256768046549121
257.67845311188546	0.5140855925884771
261.42647251858085	0.5077381401342755
265.22900812289896	0.5005626773867833
269.08685288119375	0.49138480081907576
273.0008112836349	0.4803434096335788
276.97169952197106	0.46749600904757393
281.00034565973334	0.45298205937032554
285.0875898049141	0.4370287291141237
289.23428428515797	0.4196430219410743
293.44129382550057	0.40106691794184757
297.7094957286928	0.3814015329323859
302.0397800581479	0.3608545852435132
306.4330498235497	0.34954113867127545
310.89022116916016	0.33499261829809845
315.41222356486645	0.32511984345396194
320.00000000000654	0.30226775242288184
324.6545071800142	0.27920618579204515
329.3767157259242	0.2559690931007874
334.16761037677935	0.23270926656737956
339.02819019498156	0.20947318609844912
343.95946877463007	0.18645020579310545
348.9624744528898	0.16354039971049628
354.03825052443415	0.14097265964821415
359.187855459007	0.10876497864962587
364.4123631221491	0.08687445113405246
369.71286299913527	0.05547846480931562
375.0904604221685	0.02843454373116905
380.54627680087896	0.003423234777118367
386.08144985617537	-0.031089365704082494
391.6971338574982	-0.06508685538573533
397.3944998635236	-0.08860632688280745
403.1747359663683	-0.12158928503672195
409.0390475393468	-0.15411059413256734
414.9886574883323	-0.18615072622139417
421.0248065067734	-0.21773274229549
427.1487533344206	-0.2488826155309154
433.3617750198154	-0.27964458695009564
439.6651671865984	-0.3043670832299663
446.06024430368984	-0.3301141211859362
452.54833995940066	-0.35522875806657805
459.13080713953053	-0.3795440422171231
465.8090185095106	-0.40522757602965764
472.58436670065066	-0.42830717772003557
479.45826460054917	-0.4475976635991681
486.432145647728	-0.469634711810197
493.50746413055253	-0.48637201105171246
500.6856954904994	-0.5096982680277657
507.9683366298358	-0.5350898280047173
515.3569062237735	-0.5508648330777809
522.8529450371643	-0.5670982767387123
530.4580162458005	-0.5939381758621561
538.1737057623901	-0.6114106615535185
546.0016225672724	-0.6297399885489201
553.9433990439449	-0.6568836312960699
562.0006913194694	-0.6792913807763847
570.1751796098309	-0.7077296376319931
578.4685685703187	-0.743663318058095
586.8825876510039	-0.7739654583396546
595.4189914573883	-0.8044625248710888
604.0795601162986	-0.8417959108835851
612.8660996471021	-0.8714990070864217
621.780442338323	-0.9033284958665702
630.8244471297356	-0.945847934349505
640.0000000000159	-0.9866896700993473
649.3090143600314	-1.0323601174466996
658.7534314518515	-1.083498734561616
668.3352207535618	-1.1336325800796099
678.0563803899662	-1.1940312003078493
687.9189375492632	-1.2510811462929294
697.9249489057827	-1.3112521932113923
708.0765010488715	-1.3775306644292455
718.3757109180171	-1.4450571200690048
728.8247262443015	-1.513385457255637
739.425725998274	-1.5737688462445798
750.1809208443404	-1.6427155013928734
761.0925536017613	-1.7170833111816293
772.1628997123541	-1.7822784877429136
783.3942677149998	-1.844855485773171
794.7889997270506	-1.9138993841777725
806.34947193274	-1.9683373126977124
818.0780950786972	-2.02652688938905
829.9773149766683	-2.0717841301453106
842.0496130135506	-2.1084517589847565
854.2975066688449	-2.137162451679992
866.7235500396347	-2.1490724193904156
879.3303343732008	-2.1389195855665752
892.1204886073838	-2.10916208891452
905.0966799188055	-2.072466327081444
918.2616142790653	-2.0107615653921687
931.6180370190256	-1.9471193390678356
945.1687334013056	-1.8653510755299434
958.9165292011028	-1.779276958806041
972.8642912954606	-1.6823917525793985
987.0149282611097	-1.5974672531508296
1001.3713909810035	-1.5036218320586632
1015.9366732596762	-1.4134455319073802
1030.7138124475518	-1.3292004298369589
1045.7058900743334	-1.2511112379322633
1060.916032491606	-1.1779983935300395
1076.3474115247852	-1.0970189553309213
1092.0032451345498	-1.0210750420939974
1107.8867980878947	-0.9497415095154147
1124.0013826389438	-0.8732834967767669
1140.350359219667	-0.7912534019049082
1156.9371371406426	-0.7091573943512843
1173.765175302013	-0.6334738831672768
1190.837982914782	-0.5479701622284312
1208.1591202326028	-0.46278654487849424
1225.73219929421	-0.37252674599823377
1243.5608846766518	-0.29174078824311034
1261.648894259477	-0.1988969426340742
1280.0000000000375	-0.10785620493040327
1298.6180287200684	-0.009135632840927776
1317.5068629037087	0.08594970922980272
1336.6704415071292	0.1840499998509968
1356.112760779938	0.27930365458627704
1375.8378750985323	0.3815239316910015
1395.8498978115715	0.47081738073125434
1416.153002097749	0.5588036253671158
1436.7514218360407	0.6523068231677016
1457.6494524886093	0.735928574612811
1478.8514519965543	0.8190037114861108
1500.3618416886875	0.9117544783115306
1522.1851072035295	1.0201919549161498
1544.3257994247153	1.1277315976578386
1566.788535430007	1.2418694888766857
1589.5779994541087	1.3487955702703034
1612.6989438654878	1.4718674047957436
1636.156190157402	1.5996198606901597
1659.9546299533442	1.7368034729132296
1684.099226027109	1.8631935467732452
1708.5950133376978	1.9991315389841025
1733.4471000792773	2.143468647977954
1758.6606687464096	2.288993145185024
1784.2409772147755	2.4384995635085684
1810.193359837619	2.5855377784103735
1836.5232285581387	2.7408472795895698
1863.2360740380593	2.8999271468081473
1890.3374668026197	3.049783585315866
1917.833058402214	3.2032351911228663
1945.7285825909298	3.362780005268419
1974.0298565222283	3.5143108714990166
2002.7427819620161	3.663735071141136
2031.8733465193618	3.778308773970219
2061.4276248951132	3.9022063275212178
2091.411780148677	4.018364957215953
2121.832064983222	4.142659335162909
2152.694823049581	4.279604927315184
2184.0064902691106	4.420483068612242
2215.7735961758003	4.581089663041792
2248.002765277899	4.771790126980247
2280.7007184393456	4.968671277114228
2313.874274281297	5.20048706776028
2347.530350604038	5.455344989253307
2381.6759658295764	5.700382314145788
2416.318240465218	5.9458630010512445
2451.4643985884327	6.196040639780769
2487.1217693533167	6.4345013286801285
2523.2977885189675	6.647912463819744
2560.0000000000887	6.818225565822861
2597.236057440151	6.965541719025197
2635.0137258074315	7.068530073396471
2673.340883014273	7.1410023525986395
2712.225521559891	7.1799398099896985
2751.6757501970797	7.205576502860091
2791.699795623158	7.219058498040631
2832.3060041955137	7.224685141239193
2873.502843672097	7.217550251142498
2915.2989049772345	7.219479218265443
2957.7029039931244	7.2214062674370565
3000.723683377391	7.23600973840813
3044.370214407075	7.255895008476081
3088.6515988494466	7.272296217671618
3133.57707086003	7.287986088821373
3179.1559989082334	7.2866278820692685
3225.3978877309914	7.2650533572422695
3272.3123803148205	7.228056850195987
3319.9092599067053	7.177699598444551
3368.198452054235	7.097530378649889
3417.190026675413	6.978787860841053
3466.8942001585724	6.818587989688648
3517.3213374928373	6.631773075078666
3568.4819544295697	6.3940368718258425
3620.386719675257	6.084558923825642
3673.0464571162966	5.743713000098492
3726.472148076138	5.358995693235998
3780.6749336052594	4.949542305287173
3835.6661168044484	4.533361682287628
3891.45716518188	4.1560685907369805
3948.059713044477	3.8629849929058455
4005.4855639240527	3.6561120526330173
4063.746693038744	3.5430770192443406
4122.855249790247	3.533467987178472
4182.823560297375	3.597867484686672
4243.664129966465	3.697954706560558
4305.389646099183	3.789617743643257
4368.012980538242	3.858395843556565
4431.5471923516225	3.900964182642258
4496.00553055582	3.8989327306427644
4561.401436878714	3.849270573577628
4627.748548562617	3.7610338094993914
4695.060701208099	3.624232885109265
4763.351931659176	3.46143459493484
4832.63648093046	3.2476163603679202
4902.928797176889	3.0158174224789587
4974.243538706657	2.751588432208492
5046.595577037959	2.488782753804461
5120.000000000202	2.2252457272755084
5194.472114880326	1.9644075349739114
5270.027451614888	1.7042170248467725
5346.6817660285715	1.461774543428513
5424.451043119808	1.247081525641741
5503.351500394186	1.0748416631230355
5583.399591246343	0.9313532969036096
5664.612008391055	0.8505788335645441
5747.005687344222	0.8033829278646558
5830.597809954497	0.7908405507996614
5915.405807986278	0.8005986319608451
6001.447366754812	0.8113780036910101
6088.740428814181	0.8115901644166066
6177.303197698925	0.810422414577405
6267.154141720092	0.8122918350696233
6358.3119978165005	0.8252136560693
6450.795775462017	0.8463005947543123
6544.624760629676	0.8649488980721269
6639.818519813445	0.8758022282775797
6736.396904108505	0.882989535600256
6834.380053350861	0.87019163664695
6933.788400317181	0.848109217912794
7034.642674985712	0.8289048011435032
7136.963908859177	0.79918467196938
7240.773439350552	0.7466255716444092
7346.092914232631	0.6874319189770837
7452.944296152315	0.6248964548739524
7561.349867210557	0.5645378849952125
7671.332233608935	0.5113589793858953
7782.914330363799	0.45628990214393966
7896.119426088994	0.3993522091632512
8010.971127848146	0.3383495653310922
8127.49338607753	0.2644500131461258
8245.710499580537	0.17967481103169247
8365.647120594791	0.10441107689687268
8487.328259932974	0.02705703066111048
8610.77929219841	-0.077674936505218
8736.025961076528	-0.18265876743072895
8863.094384703289	-0.28716748026181915
8992.011061111683	-0.38278632712132
9122.802873757471	-0.5122298706366962
9255.497097125279	-0.6447765090196509
9390.121402416245	-0.7667215382465753
9526.7038633184	-0.9049379793261689
9665.272961860968	-1.0716371230828114
9805.857594353829	-1.2365030151692868
9948.487077413367	-1.3991256919129555
10093.19115407597	-1.5566367623074329
10240.000000000457	-1.713813895952409
10388.944229760706	-1.870013637793348
10540.05490322983	-2.025815473025236
10693.363532057198	-2.199847127246587
10848.902086239672	-2.3904432289694073
11006.703000788428	-2.585533283031918
11166.799182492743	-2.776024496770348
11329.224016782166	-2.9914440925917125
11494.0113746885	-3.2110405233813455
11661.195619909053	-3.4318535256479885
11830.811615972614	-3.642614132905935
12002.894733509682	-3.8329115485676226
12177.48085762842	-4.0145757455047395
12354.606395397908	-4.1955092162513035
12534.308283440243	-4.376346173321878
12716.62399563306	-4.55731877048896
12901.591550924093	-4.738517058706719
13089.249521259411	-4.919810494204173
13279.637039626952	-5.088922335695758
13472.793808217073	-5.218031201688342
13668.760106701786	-5.357271495379442
13867.576800634426	-5.496731237707236
14069.285349971487	-5.628398167507453
14273.927817718419	-5.731621764087943
14481.54687870117	-5.844554586503834
14692.18582846533	-5.948409050009621
14905.888592304698	-6.063313866198316
15122.699734421185	-6.214707061953714
15342.664467217943	-6.390078634593147
15565.828660727671	-6.577198945329956
15792.238852178061	-6.755534493561356
16021.942255696367	-6.964041601721356
16254.986772155136	-7.300451589129388
16491.42099916115	-7.644541749275565
16731.294241189662	-7.990697779663559
16974.65651986603	-8.354312561748518
17221.558584396902	-8.935624075663195
17472.051922153143	-9.557842494903802
17726.188769406665	-10.18211348223531
17984.022122223458	-10.86854722798132
18245.605747515034	-11.81150670507451
18510.99419425065	-12.839453758437156
18780.242804832582	-13.875515540332765
19053.40772663689	-15.01632372250443
19330.545923722028	-16.51998335831641
19611.71518870775	-18.041480890520972
19896.974154826825	-19.576498098560027
20186.382308152035	-19.89284811599757