20,60
20.290906698750476,60
20.586044732869844,60
20.885475648548283,60
21.189261887185914,60
21.49746679841394,60
21.810154653305165,60
22.12739065777668,60
22.449240966187475,60
22.77577269513385,60
23.107053937445478,60
23.44315377638505,60
23.784142300054445,60
24.130090616010463,60
24.481070866093134,60
24.837156241469714,60
25.1984209978975,60
25.56494047120865,60
25.936791093020236,60
26.3140504066728,60
26.69679708340074,60
27.08511093873791,60
27.47907294916184,60
27.878765268980047,60
28.284271247461966,60
28.695675446220072,60
29.11306365684382,60
29.536522918790062,60
29.966141537533712,60
30.402009102982383,60
30.844216508158908,60
31.29285596815558,60
31.74802103936409,60
32.20980663898519,60
32.67830906482211,60
33.153626015361866,60
33.63585661014871,60
34.125101410453844,60
34.62146244024586,60
35.12504320746613,60
35.635948725613716,60
36.15428553564419,60
36.68016172818701,60
37.21368696608603,60
37.754972507267915,60
38.30413122794313,60
38.86127764614443,60
39.4265279456077,60
40.000000000000206,60
40.58181339750116,60
41.1720894657399,60
41.77095129709678,60
42.37852377437204,60
42.9949335968281,60
43.62030930661056,60
44.25478131555359,60
44.89848193237519,60
45.55154539026795,60
46.21410787489121,60
46.88630755277036,60
47.56828460010916,60
48.260181232021196,60
48.962141732186545,60
49.674312482939705,60
50.39684199579528,60
51.129880942417586,60
51.873582186040764,60
52.628100813345895,60
53.393594166801776,60
54.17022187747612,60
54.95814589832399,60
55.75753053796041,60
56.56854249492426,60
57.39135089244048,60
58.226127313687975,60
59.073045837580466,60
59.932283075067765,60
60.804018205965114,60
61.68843301631817,60
62.58571193631152,60
63.49604207872855,60
64.41961327797075,60
65.35661812964459,60
66.3072520307241,60
67.27171322029778,60
68.25020282090806,60
69.2429248804921,60
70.25008641493265,60
71.27189745122783,60
72.30857107128878,60
73.36032345637442,60
74.42737393217246,60
75.50994501453623,60
76.60826245588666,60
77.72255529228926,60
78.85305589121582,60
80.00000000000082,60
81.16362679500274,60
82.34417893148023,60
83.541902594194,60
84.75704754874454,60
85.98986719365665,60
87.24061861322157,60
88.50956263110764,60
89.79696386475084,60
91.10309078053635,60
92.42821574978288,60
93.77261510554118,60
95.13656920021877,60
96.52036246404286,60
97.92428346437356,60
99.34862496587989,60
100.79368399159105,60
102.25976188483567,60
103.74716437208203,60
105.25620162669229,60
106.78718833360406,60
108.34044375495276,60
109.9162917966485,60
111.51506107592134,60
113.13708498984903,60
114.78270178488147,60
116.45225462737648,60
118.14609167516147,60
119.86456615013608,60
121.60803641193078,60
123.3768660326369,60
125.17142387262359,60
126.99208415745765,60
128.83922655594208,60
130.71323625928977,60
132.61450406144883,60
134.5434264405962,60
136.50040564181674,60
138.48584976098482,60
140.50017282986593,60
142.5437949024563,60
144.61714214257822,60
146.7206469127495,60
148.8547478643456,60
151.01989002907314,60
153.216524911774,60
155.4451105845792,60
157.70611178243232,60
160.00000000000236,60
162.3272535900062,60
164.6883578629612,60
167.08380518838874,60
169.51409509748981,60
171.97973438731407,60
174.4812372264439,60.07460253260842
177.01912526221608,60.1
179.5939277295025,60.1
182.20618156107355,60.1
184.85643149956664,60.1
187.54523021108326,60.1
190.27313840043846,60.1
193.04072492808663,60.1
195.84856692874806,60.1
198.69724993176072,60.1
201.58736798318304,60.1
204.5195237696723,60.1
207.49432874416505,60.1
210.5124032533856,60.1
213.57437666720915,60.1094393811131
216.68088750990657,60.19053299612723
219.83258359329807,60.2
223.03012215184378,60.2
226.2741699796992,60.2
229.5654035697641,60.2
232.90450925475412,60.2
236.2921833503241,60.2
239.72913230027333,60.2
243.21607282386276,60.2
246.75373206527502,60.2
250.34284774524843,60.24847129230611
253.9841683149166,60.28933376730662
257.67845311188546,60.3
261.42647251858085,60.3
265.22900812289896,60.3
269.08685288119375,60.3
273.0008112836349,60.3
276.97169952197106,60.3
281.00034565973334,60.3
285.0875898049141,60.3
289.23428428515797,60.3
293.44129382550057,60.3
297.7094957286928,60.3
302.0397800581479,60.3
306.4330498235497,60.3
310.89022116916016,60.3671452173797
315.41222356486645,60.39798686570967
320.00000000000654,60.4
324.6545071800142,60.44942720960969
329.3767157259242,60.49427825036398
334.16761037677935,60.5
339.02819019498156,60.54060415716542
343.95946877463007,60.589677930244335
348.9624744528898,60.6
354.03825052443415,60.627298573545175
359.187855459007,60.68924720627726
364.4123631221491,60.7
369.71286299913527,60.718301617979975
375.0904604221685,60.786047662876065
380.54627680087896,60.8
386.08144985617537,60.80057140297986
391.6971338574982,60.87843756534159
397.3944998635236,60.9
403.1747359663683,60.9
409.0390475393468,60.9
414.9886574883323,60.96219193002121
421.0248065067734,60.99590418732845
427.1487533344206,61
433.3617750198154,61
439.6651671865984,61
446.06024430368984,61.03938556816372
452.54833995940066,61.08894664569087
459.13080713953053,61.1
465.8090185095106,61.1
472.58436670065066,61.1
479.45826460054917,61.121833058402196
486.432145647728,61.18387349809092
493.50746413055253,61.2
500.6856954904994,61.2
507.9683366298358,61.2
515.3569062237735,61.279461327797165
522.8529450371643,61.3
530.4580162458005,61.3
538.1737057623901,61.3
546.0016225672724,61.36190244990815
553.9433990439449,61.396328311677706
562.0006913194694,61.4
570.1751796098309,61.452219362715994
578.4685685703187,61.4933957019595
586.8825876510039,61.5
595.4189914573883,61.53816658938634
604.0795601162986,61.588541375360585
612.8660996471021,61.62634865739575
621.780442338323,61.69060940600509
630.8244471297356,61.7
640.0000000000159,61.71872000000003
649.3090143600314,61.78560783333093
658.7534314518515,61.80439361115605
668.3352207535618,61.8842012449513
678.0563803899662,61.900886201842894
687.9189375492632,61.97696342172194
697.9249489057827,62.071711517670586
708.0765010488715,62.09832655591252
718.3757109180171,62.16382291719529
728.8247262443015,62.19529349860131
739.425725998274,62.2546829617288
750.1809208443404,62.29419548378512
761.0925536017613,62.34711595957276
772.1628997123541,62.392818607966475
783.3942677149998,62.437235461124914
794.7889997270506,62.48960829871714
806.34947193274,62.528218406197
818.0780950786972,62.58930139593808
829.9773149766683,62.62111865003395
842.0496130135506,62.68787509423424
854.2975066688449,62.71038331922442
866.7235500396347,62.78460769603722
879.3303343732008,62.80683391350842
892.1204886073838,62.88340727828958
905.0966799188055,62.899604695060056
918.2616142790653,62.97456797454781
931.6180370190256,63.06784303121157
945.1687334013056,63.096905830074284
958.9165292011028,63.16020885720916
972.8642912954606,63.25212294599566
987.0149282611097,63.2933532402614
1001.3713909810035,63.3479222905628
1015.9366732596762,63.43650879836617
1030.7138124475518,63.49288015876523
1045.7058900743334,63.534390609134526
1060.916032491606,63.620840851854105
1076.3474115247852,63.689389646099144
1092.0032451345498,63.72324330067801
1107.8867980878947,63.805356991111026
1124.0013826389438,63.9002018643623
1140.350359219667,63.98638747049104
1156.9371371406426,64.0059847706545
1173.765175302013,64.08470886816897
1190.837982914782,64.1794973054283
1208.1591202326028,64.27420884973895
1225.73219929421,64.29813009181835
1243.5608846766518,64.36641381288628
1261.648894259477,64.45859978113282
1280.0000000000375,64.5533500000002
1298.6180287200684,64.64812314586771
1317.5068629037087,64.74291592958646
1336.6704415071292,64.83776249544046
1356.112760779938,64.9325080173905
1375.8378750985323,65.02733844323559
1395.8498978115715,65.12211576715967
1416.153002097749,65.21696566216046
1436.7514218360407,65.33415217437853
1457.6494524886093,65.49493179995628
1478.8514519965543,65.60140124731191
1500.3618416886875,65.69629210343022
1522.1851072035295,65.7974393655438
1544.3257994247153,65.97048620149202
1566.788535430007,66.08075691665947
1589.5779994541087,66.2513242389877
1612.6989438654878,66.36916235544878
1636.156190157402,66.53215444066356
1659.9546299533442,66.71965616383761
1684.099226027109,66.90924393721235
1708.5950133376978,67.09879350296703
1733.4471000792773,67.23806167120811
1758.6606687464096,67.3846375857286
1784.2409772147755,67.56760153532313
1810.193359837619,67.7571854751248
1836.5232285581387,67.94683611902539
1863.2360740380593,68.13646434652136
1890.3374668026197,68.35030616751594
1917.833058402214,68.60261229561796
1945.7285825909298,68.80534849407205
1974.0298565222283,68.99498879126104
2002.7427819620161,69.19251642550954
2031.8733465193618,69.45833109223952
2061.4276248951132,69.66401822474505
2091.411780148677,69.930391322405
2121.832064983222,70.14212521589262
2152.694823049581,70.40106578325842
2184.0064902691106,70.68330254778172
2215.7735961758003,70.90828771919006
2248.002765277899,71.15720376443278
2280.7007184393456,71.38482757129559
2313.874274281297,71.58048336340339
2347.530350604038,71.81313269463253
2381.6759658295764,72.05097116372157
2416.318240465218,72.21460752105558
2451.4643985884327,72.34960083128007
2487.1217693533167,72.5022357851546
2523.2977885189675,72.60908116387874
2560.0000000000887,72.68611351351369
2597.236057440151,72.71299333279185
2635.0137258074315,72.78453827211592
2673.340883014273,72.8
2712.225521559891,72.8
2751.6757501970797,72.8
2791.699795623158,72.8
2832.3060041955137,72.8
2873.502843672097,72.73503716897727
2915.2989049772345,72.64291914350387
2957.7029039931244,72.54807947371059
3000.723683377391,72.45329097490317
3044.370214407075,72.3585254219774
3088.6515988494466,72.26372847445708
3133.57707086003,72.16892558643457
3179.1559989082334,72.0740806600438
3225.3978877309914,71.94799838061606
3272.3123803148205,71.79590944082472
3319.9092599067053,71.66782278006758
3368.198452054235,71.50806413329799
3417.190026675413,71.38606516373518
3466.8942001585724,71.21035667419648
3517.3213374928373,71.02562090222602
3568.4819544295697,70.91379276691487
3620.386719675257,70.74141452487513
3673.0464571162966,70.55192944427114
3726.472148076138,70.36241800930833
3780.6749336052594,70.17283412053276
3835.6661168044484,69.98324117684756
3891.45716518188,69.85100021224945
3948.059713044477,69.6987676816753
4005.4855639240527,69.51452512569838
4063.746693038744,69.32488789139319
4122.855249790247,69.13534600617933
4182.823560297375,68.9822616417062
4243.664129966465,68.84585749746726
4305.389646099183,68.6665094285912
4368.012980538242,68.47688777465989
4431.5471923516225,68.28720789277783
4496.00553055582,68.11292075842238
4561.401436878714,67.9933751753487
4627.748548562617,67.81822577947075
4695.060701208099,67.63060927933634
4763.351931659176,67.51950565980505
4832.63648093046,67.34908150148776
4902.928797176889,67.23133608974521
4974.243538706657,67.0680857168362
5046.595577037959,66.94375948559572
5120.000000000202,66.78711917808174
5194.472114880326,66.65598414057803
5270.027451614888,66.50587241871408
5346.6817660285715,66.36798424150552
5424.451043119808,66.22506979297358
5503.351500394186,66.0807968905316
5583.399591246343,65.97684673284026
5664.612008391055,65.85343197181129
5747.005687344222,65.69899502628014
5830.597809954497,65.57192146457696
5915.405807986278,65.41125169181093
6001.447366754812,65.30268981211245
6088.740428814181,65.21501401486789
6177.303197698925,65.19695256369117
6267.154141720092,65.1181909707215
6358.3119978165005,65.02340473269898
6450.795775462017,64.9286564902888
6544.624760629676,64.90210787655725
6639.818519813445,64.8360420552764
6736.396904108505,64.74434014546074
6834.380053350861,64.64950864237763
6933.788400317181,64.60591876989692
7034.642674985712,64.55319642565165
7136.963908859177,64.46517454308412
7240.773439350552,64.37039668551445
7346.092914232631,64.27558070344391
7452.944296152315,64.18076518835865
7561.349867210557,64.08594429016766
7671.332233608935,63.991114279096315
7782.914330363799,63.89631901828996
7896.119426088994,63.801508196258396
8010.971127848146,63.697870423359845
8127.49338607753,63.52762166373604
8245.710499580537,63.41694949067206
8365.647120594791,63.24436637319555
8487.328259932974,63.12838148508778
8610.77929219841,62.96343042668408
8736.025961076528,62.840637154252654
8863.094384703289,62.68237836022034
8992.011061111683,62.49661711036953
9122.802873757471,62.359047155204635
9255.497097125279,62.210901831272615
9390.121402416245,62.071296978884874
9526.7038633184,61.92987152903013
9665.272961860968,61.74864618082715
9805.857594353829,61.58975736439654
9948.487077413367,61.45825832984967
10093.19115407597,61.30194150584309
10240.000000000457,61.17718775510168
10388.944229760706,61.01431254475694
10540.05490322983,60.895997256609014
10693.363532057198,60.721114886726795
10848.902086239672,60.53253363431055
11006.703000788428,60.4209423805406
11166.799182492743,60.25157138024752
11329.224016782166,60.06278316565779
11494.0113746885,59.873214657360485
11661.195619909053,59.745309811103894
11830.811615972614,59.58962945888769
12002.894733509682,59.4044798332937
12177.48085762842,59.26379620910896
12354.606395397908,59.118156438665935
12534.308283440243,58.97618508953912
12716.62399563306,58.837166627489424
12901.591550924093,58.688393759086516
13089.249521259411,58.55593290650222
13279.637039626952,58.37724706742829
13472.793808217073,58.206520869616405
13668.760106701786,58.08423163417273
13867.576800634426,57.918753664964306
14069.285349971487,57.80934345226584
14273.927817718419,57.71231828468625
14481.54687870117,57.53932195426023
14692.18582846533,57.425337530285894
14905.888592304698,57.2588878421269
15122.699734421185,57.13774196692084
15342.664467217943,56.97793867726898
15565.828660727671,56.791638036579855
15792.238852178061,56.656194175642256
16021.942255696367,56.50634075419472
16254.986772155136,56.32287739591861
16491.42099916115,56.13326320067108
16731.294241189662,55.98065904341854
16974.65651986603,55.844227732680515
17221.558584396902,55.664429938802535
17472.051922153143,55.499052161177275
17726.188769406665,55.372450435030764
17984.022122223458,55.195517110369465
18245.605747515034,55.00587523506707
18510.99419425065,54.81621767206796
18780.242804832582,54.62967023178379
19053.40772663689,54.518420402318
19330.545923722028,54.34704376381388
19611.71518870775,54.15902354508141
19896.974154826825,53.96872820897359
20186.382308152035,53.9