20,0
20.290906698750476,0
20.586044732869844,0
20.885475648548283,0
21.189261887185914,0
21.49746679841394,0
21.810154653305165,0
22.12739065777668,0
22.449240966187475,0
22.77577269513385,0
23.107053937445478,0
23.44315377638505,0
23.784142300054445,0
24.130090616010463,0
24.481070866093134,0
24.837156241469714,0
25.1984209978975,0
25.56494047120865,0
25.936791093020236,0
26.3140504066728,0
26.69679708340074,0
27.08511093873791,0
27.47907294916184,0
27.878765268980047,0
28.284271247461966,0
28.695675446220072,0
29.11306365684382,0
29.536522918790062,0
29.966141537533712,0
30.402009102982383,0
30.844216508158908,0
31.29285596815558,0
31.74802103936409,0
32.20980663898519,0
32.67830906482211,0
33.153626015361866,0
33.63585661014871,0
34.125101410453844,0
34.62146244024586,0
35.12504320746613,0
35.635948725613716,0
36.15428553564419,0
36.68016172818701,0
37.21368696608603,0
37.754972507267915,0
38.30413122794313,0
38.86127764614443,0
39.4265279456077,0
40.000000000000206,0
40.58181339750116,0
41.1720894657399,0
41.77095129709678,0
42.37852377437204,0
42.9949335968281,0
43.62030930661056,0
44.25478131555359,0
44.89848193237519,0
45.55154539026795,0
46.21410787489121,0
46.88630755277036,0
47.56828460010916,0
48.260181232021196,0
48.962141732186545,0
49.674312482939705,0
50.39684199579528,0
51.129880942417586,0
51.873582186040764,0
52.628100813345895,0
53.393594166801776,0
54.17022187747612,0
54.95814589832399,0
55.75753053796041,0
56.56854249492426,0
57.39135089244048,0
58.226127313687975,0
59.073045837580466,0
59.932283075067765,0
60.804018205965114,0
61.68843301631817,0
62.58571193631152,0
63.49604207872855,0
64.41961327797075,0
65.35661812964459,0
66.3072520307241,0
67.27171322029778,0
68.25020282090806,0
69.2429248804921,0
70.25008641493265,0
71.27189745122783,0
72.30857107128878,0
73.36032345637442,0
74.42737393217246,0
75.50994501453623,0
76.60826245588666,0
77.72255529228926,0
78.85305589121582,0
80.00000000000082,0
81.16362679500274,0
82.34417893148023,0
83.541902594194,0
84.75704754874454,0
85.98986719365665,0
87.24061861322157,0
88.50956263110764,0
89.79696386475084,0
91.10309078053635,0
92.42821574978288,0
93.77261510554118,0
95.13656920021877,0
96.52036246404286,0
97.92428346437356,0
99.34862496587989,0
100.79368399159105,0
102.25976188483567,0
103.74716437208203,0
105.25620162669229,0
106.78718833360406,0
108.34044375495276,0
109.9162917966485,0
111.51506107592134,0
113.13708498984903,0
114.78270178488147,0
116.45225462737648,0
118.14609167516147,0
119.86456615013608,0
121.60803641193078,0
123.3768660326369,0
125.17142387262359,0
126.99208415745765,0
128.83922655594208,0
130.71323625928977,0
132.61450406144883,0
134.5434264405962,0
136.50040564181674,0
138.48584976098482,0
140.50017282986593,0
142.5437949024563,0
144.61714214257822,0
146.7206469127495,0
148.8547478643456,0
151.01989002907314,0
153.216524911774,0
155.4451105845792,0
157.70611178243232,0
160.00000000000236,0
162.3272535900062,0
164.6883578629612,0
167.08380518838874,0
169.51409509748981,0
171.97973438731407,0
174.4812372264439,0
177.01912526221608,0
179.5939277295025,0
182.20618156107355,0
184.85643149956664,0
187.54523021108326,0
190.27313840043846,0
193.04072492808663,0
195.84856692874806,0
198.69724993176072,0
201.58736798318304,0
204.5195237696723,0
207.49432874416505,0
210.5124032533856,0
213.57437666720915,0
216.68088750990657,0
219.83258359329807,0
223.03012215184378,0
226.2741699796992,0
229.5654035697641,0
232.90450925475412,0
236.2921833503241,0
239.72913230027333,0
243.21607282386276,0
246.75373206527502,0
250.34284774524843,0
253.9841683149166,0
257.67845311188546,0
261.42647251858085,0
265.22900812289896,0
269.08685288119375,0
273.0008112836349,0
276.97169952197106,0
281.00034565973334,0
285.0875898049141,0
289.23428428515797,0
293.44129382550057,0
297.7094957286928,0
302.0397800581479,0
306.4330498235497,0
310.89022116916016,0
315.41222356486645,0
320.00000000000654,0
324.6545071800142,0
329.3767157259242,0
334.16761037677935,0
339.02819019498156,0
343.95946877463007,0
348.9624744528898,0
354.03825052443415,0
359.187855459007,0
364.4123631221491,0
369.71286299913527,0
375.0904604221685,0
380.54627680087896,0
386.08144985617537,0
391.6971338574982,0
397.3944998635236,0
403.1747359663683,0
409.0390475393468,0
414.9886574883323,0
421.0248065067734,0
427.1487533344206,0
433.3617750198154,0
439.6651671865984,0
446.06024430368984,0
452.54833995940066,0
459.13080713953053,0
465.8090185095106,0
472.58436670065066,0
479.45826460054917,0
486.432145647728,0
493.50746413055253,0
500.6856954904994,0
507.9683366298358,0
515.3569062237735,0
522.8529450371643,0
530.4580162458005,0
538.1737057623901,0
546.0016225672724,0
553.9433990439449,0
562.0006913194694,0
570.1751796098309,0
578.4685685703187,0
586.8825876510039,0
595.4189914573883,0
604.0795601162986,0
612.8660996471021,0
621.780442338323,0
630.8244471297356,0
640.0000000000159,0
649.3090143600314,0
658.7534314518515,0
668.3352207535618,0
678.0563803899662,0
687.9189375492632,0
697.9249489057827,0
708.0765010488715,0
718.3757109180171,0
728.8247262443015,0
739.425725998274,0
750.1809208443404,0
761.0925536017613,0
772.1628997123541,0
783.3942677149998,0
794.7889997270506,0
806.34947193274,0
818.0780950786972,0
829.9773149766683,0
842.0496130135506,0
854.2975066688449,0.09997956285938583
866.7235500396347,0.100000000000001
879.3303343732008,0.100000000000001
892.1204886073838,0.10015760467218374
905.0966799188055,0.19997446091389154
918.2616142790653,0.200000000000003
931.6180370190256,0.299999999999997
945.1687334013056,0.299999999999997
958.9165292011028,0.40011806572216185
972.8642912954606,0.4997449378247186
987.0149282611097,0.5001036684799287
1001.3713909810035,0.59980132625697
1015.9366732596762,0.7002477922951128
1030.7138124475518,0.8001841659673544
1045.7058900743334,1.0000387504890353
1060.916032491606,1.1001041070883506
1076.3474115247852,1.2006039684686023
1092.0032451345498,1.4000204096512567
1107.8867980878947,1.4999169691062555
1124.0013826389438,1.7000084307252672
1140.350359219667,1.7996973123150428
1156.9371371406426,2.0002197463943343
1173.765175302013,2.099793936698302
1190.837982914782,2.3004365852273803
1208.1591202326028,2.499530117616124
1225.73219929421,2.6003597686503905
1243.5608846766518,2.7995629572810263
1261.648894259477,2.9005314593421416
1280.0000000000375,3.1000000000002017
1298.6180287200684,3.2001907801065452
1317.5068629037087,3.4000357442901494
1336.6704415071292,3.499846049516298
1356.112760779938,3.600064775532681
1375.8378750985323,3.7001884333260318
1395.8498978115715,3.799750735380952
1416.153002097749,3.899768483240143
1436.7514218360407,3.9997641836701003
1457.6494524886093,4.100232171308015
1478.8514519965543,4.199772075101193
1500.3618416886875,4.299822519482267
1522.1851072035295,4.39993168441987
1544.3257994247153,4.500114664109846
1566.788535430007,4.599949046355577
1589.5779994541087,4.69990350637767
1612.6989438654878,4.799995427989124
1636.156190157402,4.899813575137891
1659.9546299533442,4.999809369551866
1684.099226027109,5.099996788494218
1708.5950133376978,5.199979646276318
1733.4471000792773,5.300186166321254
1758.6606687464096,5.399844540499652
1784.2409772147755,5.500157604672213
1810.193359837619,5.599974460913909
1836.5232285581387,5.700086998345089
1863.2360740380593,5.800133114531584
1890.3374668026197,5.900136242918627
1917.833058402214,6.000118488896824
1945.7285825909298,6.100100998554512
1974.0298565222283,6.200104029694176
2002.7427819620161,6.300146513568548
2031.8733465193618,6.399908720956728
2061.4276248951132,6.5
2091.411780148677,6.500038750489068
2121.832064983222,6.600103770172229
2152.694823049581,6.699983246115149
2184.0064902691106,6.800020409651291
2215.7735961758003,6.8999169691063
2248.002765277899,6.900008456507346
2280.7007184393456,7.000002163973933
2313.874274281297,7.099922512895462
2347.530350604038,7.100088744456242
2381.6759658295764,7.199929724647885
2416.318240465218,7.3
2451.4643985884327,7.3
2487.1217693533167,7.40000000000001
2523.2977885189675,7.40000000000001
2560.0000000000887,7.5
2597.236057440151,7.5
2635.0137258074315,7.500035837617315
2673.340883014273,7.59999999999999
2712.225521559891,7.59999999999999
2751.6757501970797,7.59999999999999
2791.699795623158,7.6999994890578956
2832.3060041955137,7.7
2873.502843672097,7.7
2915.2989049772345,7.7
2957.7029039931244,7.7
3000.723683377391,7.7
3044.370214407075,7.7
3088.6515988494466,7.7
3133.57707086003,7.600051067126872
3179.1559989082334,7.59999999999999
3225.3978877309914,7.59999999999999
3272.3123803148205,7.599973990935241
3319.9092599067053,7.5
3368.198452054235,7.5
3417.190026675413,7.400020353723657
3466.8942001585724,7.40000000000001
3517.3213374928373,7.3
3568.4819544295697,7.3
3620.386719675257,7.200025588294302
3673.0464571162966,7.1999131642686045
3726.472148076138,7.10005205967076
3780.6749336052594,7.000046247960776
3835.6661168044484,7
3891.45716518188,6.900076764907035
3948.059713044477,6.800071178366648
4005.4855639240527,6.700025149958097
4063.746693038744,6.699921126623743
4122.855249790247,6.600075591570517
4182.823560297375,6.4999613131406
4243.664129966465,6.400058899890872
4305.389646099183,6.300016781038601
4368.012980538242,6.2
4431.5471923516225,6.199926833563376
4496.00553055582,6.09999154349262
4561.401436878714,5.99999783276212
4627.748548562617,5.899927969491676
4695.060701208099,5.80005830681291
4763.351931659176,5.700070378244251
4832.63648093046,5.5999481067845425
4902.928797176889,5.49995961125261
4974.243538706657,5.399939863664848
5046.595577037959,5.3000061090635935
5120.000000000202,5.199999999999729
5194.472114880326,5.100037429690827
5270.027451614888,4.9999642091070555
5346.6817660285715,4.900023773104871
5424.451043119808,4.800062926581224
5503.351500394186,4.700061469715861
5583.399591246343,4.60000051094206
5664.612008391055,4.499985426709886
5747.005687344222,4.399993196956682
5830.597809954497,4.3000026196716545
5915.405807986278,4.199993246527583
6001.447366754812,4.099945742548888
6088.740428814181,3.9999087385684406
6177.303197698925,3.7999964430490265
6267.154141720092,3.7000510103224777
6358.3119978165005,3.5999870293875675
6450.795775462017,3.5000045670680895
6544.624760629676,3.399973990935215
6639.818519813445,3.299980828350471
6736.396904108505,3.2000032048566203
6834.380053350861,3.100020353723611
6933.788400317181,3.000011669701025
7034.642674985712,2.899958325209266
7136.963908859177,2.80003524525471
7240.773439350552,2.7000255882942668
7346.092914232631,2.5000134582476146
7452.944296152315,2.399959174053166
7561.349867210557,2.3000462053358914
7671.332233608935,2.1999711168378724
7782.914330363799,2.0999873406680214
7896.119426088994,1.9999830930470026
8010.971127848146,1.9000251280694982
8127.49338607753,1.8000056771866695
8245.710499580537,1.6999912430520967
8365.647120594791,1.599922562703713
8487.328259932974,1.399977117463178
8610.77929219841,1.3000167674506802
8736.025961076528,1.199979574290694
8863.094384703289,1.1000044180147222
8992.011061111683,0.9999915434925968
9122.802873757471,0.8999956687905459
9255.497097125279,0.7000043750937803
9390.121402416245,0.5999843320525302
9526.7038633184,0.4999972126129874
9665.272961860968,0.4000195080368179
9805.857594353829,0.2000603209760637
9948.487077413367,0.10000906212246458
10093.19115407597,0.000006113285439215965
10240.000000000457,-0.20000000000030962
10388.944229760706,-0.3000292524872364
10540.05490322983,-0.39997017409380137
10693.363532057198,-0.5999524227752102
10848.902086239672,-0.7000026441567485
11006.703000788428,-0.9000018743213151
11166.799182492743,-0.9999994893771041
11329.224016782166,-1.1000291465802972
11494.0113746885,-1.3000068030433611
11661.195619909053,-1.3999973803283803
11830.811615972614,-1.6000067495482946
12002.894733509682,-1.699996939866172
12177.48085762842,-1.8999780728847875
12354.606395397908,-2.000007117860777
12534.308283440243,-2.2000045438509295
12716.62399563306,-2.3000259412249284
12901.591550924093,-2.499990865863884
13089.249521259411,-2.5999731066912157
13279.637039626952,-2.8000191716495606
13472.793808217073,-2.8999967951434127
13668.760106701786,-3.0999592925528434
13867.576800634426,-3.199988330299007
14069.285349971487,-3.399985473447187
14273.927817718419,-3.500026799343371
14481.54687870117,-3.7000444980552167
14692.18582846533,-3.8999865481398475
14905.888592304698,-3.999994661817828
15122.699734421185,-4.199999755001093
15342.664467217943,-4.299983848735428
15565.828660727671,-4.500025318664021
15792.238852178061,-4.700016914313479
16021.942255696367,-4.800036255423739
16254.986772155136,-4.999988650497757
16491.42099916115,-5.200008753297686
16731.294241189662,-5.299997599495482
16974.65651986603,-5.499964272691888
17221.558584396902,-5.6999664515163255
17472.051922153143,-5.799980807246764
17726.188769406665,-5.999991160493241
17984.022122223458,-6.2000084565074385
18245.605747515034,-6.3000043312095215
18510.99419425065,-6.499995624906291
18780.242804832582,-6.700031335895009
19053.40772663689,-6.9000027883929596
19330.545923722028,-7.000032662675696
19611.71518870775,-7.200005323767175
19896.974154826825,-7.299990941053917
20186.382308152035,-7.4