20	63.989984944985025
20.290906698750476	63.98998450383443
20.586044732869844	63.989984049756835
20.885475648548283	63.98998358237344
21.189261887185914	63.98409879620197
21.49746679841394	63.971075558297876
21.810154653305165	63.95928550402486
22.12739065777668	63.954878923785564
22.449240966187475	63.95040824061855
22.77577269513385	63.94998047599745
23.107053937445478	63.94997990389213
23.44315377638505	63.94997931502233
23.784142300054445	63.94997870889681
24.130090616010463	63.948495484812234
24.481070866093134	63.94416175313626
24.837156241469714	63.9399767818547
25.1984209978975	63.939976101499255
25.56494047120865	63.93997540120717
25.936791093020236	63.93997468039421
26.3140504066728	63.939973938459026
26.69679708340074	63.93997317478265
27.08511093873791	63.93997238872795
27.47907294916184	63.93801393240483
27.878765268980047	63.92922865301751
28.284271247461966	63.920315576508415
28.695675446220072	63.90747399322744
29.11306365684382	63.89429240471594
29.536522918790062	63.88996716435373
29.966141537533712	63.88996620217213
30.402009102982383	63.88996521179505
30.844216508158908	63.88996419239622
31.29285596815558	63.8894549126621
31.74802103936409	63.8850772454202
32.20980663898519	63.88063588760251
32.67830906482211	63.86520761960918
33.153626015361866	63.84760211033309
33.63585661014871	63.83995741713242
34.125101410453844	63.839956169319265
34.62146244024586	63.836264560411884
35.12504320746613	63.823126348815286
35.635948725613716	63.809852223583704
36.15428553564419	63.80113927992427
36.68016172818701	63.79229958290902
37.21368696608603	63.78034575480332
37.754972507267915	63.76714214102136
38.30413122794313	63.75594270976211
38.86127764614443	63.74716713217664
39.4265279456077	63.73671337287044
40.000000000000206	63.719333717350416
40.58181339750116	63.70170124361489
41.1720894657399	63.68428650663198
41.77095129709678	63.66667105369079
42.37852377437204	63.65182117894157
42.9949335968281	63.63861041617858
43.62030930661056	63.62233151028052
44.25478131555359	63.60045106649117
44.89848193237519	63.57830805970105
45.55154539026795	63.55653705431149
46.21410787489121	63.534449349537695
46.88630755277036	63.50915696397943
47.56828460010916	63.482755427744785
48.260181232021196	63.45865667233574
48.962141732186545	63.43671783778048
49.674312482939705	63.41360667151032
50.39684199579528	63.38748842524695
51.129880942417586	63.36099024016852
51.873582186040764	63.33068774928624
52.628100813345895	63.299798053778346
53.393594166801776	63.26918557889162
54.17022187747612	63.2384683440457
54.95814589832399	63.207649930782964
55.75753053796041	63.17690103610806
56.56854249492426	63.145285159303675
57.39135089244048	63.110453760870506
58.226127313687975	63.075115675973564
59.073045837580466	63.03649730162916
59.932283075067765	62.99683634907305
60.804018205965114	62.95740457988738
61.68843301631817	62.91799588139899
62.58571193631152	62.8770779482894
63.49604207872855	62.83330775527588
64.41961327797075	62.788931546924196
65.35661812964459	62.74534534814773
66.3072520307241	62.70112510592582
67.27171322029778	62.65746583112236
68.25020282090806	62.61358238149964
69.2429248804921	62.56767963635867
70.25008641493265	62.519505752106305
71.27189745122783	62.47009246202324
72.30857107128878	62.41759705475207
73.36032345637442	62.36433800145805
74.42737393217246	62.31211470275313
75.50994501453623	62.259300246211396
76.60826245588666	62.20679030124305
77.72255529228926	62.15414007063061
78.85305589121582	62.09976698334533
80.00000000000082	62.04285068314038
81.16362679500274	61.98526069704879
82.34417893148023	61.92862177700452
83.541902594194	61.87115891756796
84.75704754874454	61.81087719328651
85.98986719365665	61.749228285250084
87.24061861322157	61.689997078595866
88.50956263110764	61.632908154557136
89.79696386475084	61.573348252833796
91.10309078053635	61.508033010209274
92.42821574978288	61.44176760409405
93.77261510554118	61.3764352224755
95.13656920021877	61.310214156194284
96.52036246404286	61.247501707137125
97.92428346437356	61.185877339648705
99.34862496587989	61.12060417454379
100.79368399159105	61.05052981533221
102.25976188483567	60.98037925101437
103.74716437208203	60.91493944980633
105.25620162669229	60.84854763428444
106.78718833360406	60.77941482541465
108.34044375495276	60.70899972903361
109.9162917966485	60.638829009912726
111.51506107592134	60.568540104023526
113.13708498984903	60.49799722715663
114.78270178488147	60.42814260000099
116.45225462737648	60.35747444822247
118.14609167516147	60.292144427751445
119.86456615013608	60.22586393904066
121.60803641193078	60.15370531866496
123.3768660326369	60.07888774306953
125.17142387262359	60.004207634347196
126.99208415745765	59.929788357113566
128.83922655594208	59.855604268717144
130.71323625928977	59.785692809156814
132.61450406144883	59.71476419308844
134.5434264405962	59.64505073723091
136.50040564181674	59.57450898032866
138.48584976098482	59.501653737539755
140.50017282986593	59.42702800597557
142.5437949024563	59.35219999646134
144.61714214257822	59.277817007515154
146.7206469127495	59.20295137296894
148.8547478643456	59.133100169460505
151.01989002907314	59.06223260517804
153.216524911774	58.98887737978508
155.4451105845792	58.91412570379795
157.70611178243232	58.84185909519502
160.00000000000236	58.771655315333334
162.3272535900062	58.69989029653946
164.6883578629612	58.625530133132
167.08380518838874	58.5500879454852
169.51409509748981	58.480392559699375
171.97973438731407	58.409787958665845
174.4812372264439	58.33973746529163
177.01912526221608	58.269329121882244
179.5939277295025	58.19706509294443
182.20618156107355	58.122643670157984
184.85643149956664	58.048173108678455
187.54523021108326	57.97840961393668
190.27313840043846	57.9076308264372
193.04072492808663	57.83779289021435
195.84856692874806	57.7672250637529
198.69724993176072	57.699652439576
201.58736798318304	57.63382462837904
204.5195237696723	57.566317455931056
207.49432874416505	57.49627580689993
210.5124032533856	57.42531661840872
213.57437666720915	57.35557832898389
216.68088750990657	57.28482494613925
219.83258359329807	57.21486188836556
223.03012215184378	57.14443621013973
226.2741699796992	57.076229325280394
229.5654035697641	57.01043567571993
232.90450925475412	56.94416173691731
236.2921833503241	56.87870261860342
239.72913230027333	56.81229048455199
243.21607282386276	56.742810936371264
246.75373206527502	56.67216874017312
250.34284774524843	56.60488358631133
253.9841683149166	56.53892784805067
257.67845311188546	56.47446095891934
261.42647251858085	56.41308807775947
265.22900812289896	56.35104237972895
269.08685288119375	56.29000532161726
273.0008112836349	56.22807930051897
276.97169952197106	56.16689485303182
281.00034565973334	56.10516940050891
285.0875898049141	56.046014993242565
289.23428428515797	55.9888804786477
293.44129382550057	55.93143232648863
297.7094957286928	55.8745440460221
302.0397800581479	55.816826884603756
306.4330498235497	55.76882943933456
310.89022116916016	55.720181887844525
315.41222356486645	55.668863565443864
320.00000000000654	55.61602017742698
324.6545071800142	55.56696303509777
329.3767157259242	55.523040836812854
334.16761037677935	55.478720477900644
339.02819019498156	55.435003913848604
343.95946877463007	55.390649625912644
348.9624744528898	55.354620344399315
354.03825052443415	55.31923668806462
359.187855459007	55.2813953247378
364.4123631221491	55.24173893259332
369.71286299913527	55.20767004679802
375.0904604221685	55.18565799955419
380.54627680087896	55.16312924912795
386.08144985617537	55.136838400200844
391.6971338574982	55.11016272727287
397.3944998635236	55.09053123155253
403.1747359663683	55.072759684560594
409.0390475393468	55.0550105098045
414.9886574883323	55.037286728033564
421.0248065067734	55.02233023215449
427.1487533344206	55.017767911323446
433.3617750198154	55.01313625823414
439.6651671865984	55.01268589758968
446.06024430368984	55.01247041149827
452.54833995940066	55.006446887369535
459.13080713953053	54.997435964885945
465.8090185095106	54.9951686255298
472.58436670065066	55.0036801139324
479.45826460054917	55.01227864431801
486.432145647728	55.02073921995726
493.50746413055253	55.02931897005057
500.6856954904994	55.041411067160745
507.9683366298358	55.05433987333826
515.3569062237735	55.06721041534697
522.8529450371643	55.080071804549746
530.4580162458005	55.09421545953943
538.1737057623901	55.11137633926112
546.0016225672724	55.12880179012686
553.9433990439449	55.150225830631236
562.0006913194694	55.17195639310049
570.1751796098309	55.1966320629377
578.4685685703187	55.222651076386725
586.8825876510039	55.24668970425649
595.4189914573883	55.268190756766465
604.0795601162986	55.29137468140784
612.8660996471021	55.321503150335
621.780442338323	55.3520635400933
630.8244471297356	55.38603822596921
640.0000000000159	55.420846289416986
649.3090143600314	55.45275475405231
658.7534314518515	55.483013806969375
668.3352207535618	55.51484063985716
678.0563803899662	55.54931966203974
687.9189375492632	55.584498543411094
697.9249489057827	55.623150868981796
708.0765010488715	55.6623570825716
718.3757109180171	55.70110618312976
728.8247262443015	55.740133569837205
739.425725998274	55.78126274036667
750.1809208443404	55.82446852199896
761.0925536017613	55.86896584166241
772.1628997123541	55.91632436932591
783.3942677149998	55.964361383488985
794.7889997270506	56.01157073922974
806.34947193274	56.05938579435962
818.0780950786972	56.109744905013656
829.9773149766683	56.161708367021866
842.0496130135506	56.21371251641126
854.2975066688449	56.265409236683254
866.7235500396347	56.31817004907006
879.3303343732008	56.37397623660733
892.1204886073838	56.43058034858366
905.0966799188055	56.49007218498957
918.2616142790653	56.55078973667967
931.6180370190256	56.61369147048402
945.1687334013056	56.67848913010414
958.9165292011028	56.74611912936645
972.8642912954606	56.81933597849357
987.0149282611097	56.89363110250976
1001.3713909810035	56.97082975633021
1015.9366732596762	57.049132791510104
1030.7138124475518	57.12662890307312
1045.7058900743334	57.20454775039697
1060.916032491606	57.288382474317785
1076.3474115247852	57.37904660954869
1092.0032451345498	57.46964472369815
1107.8867980878947	57.55548991303286
1124.0013826389438	57.642560375183486
1140.350359219667	57.7400676990201
1156.9371371406426	57.83990964609695
1173.765175302013	57.939088060528086
1190.837982914782	58.03844763268462
1208.1591202326028	58.14109904478282
1225.73219929421	58.248669791512846
1243.5608846766518	58.35750431663408
1261.648894259477	58.46456204546418
1280.0000000000375	58.573145114780544
1298.6180287200684	58.68034853852833
1317.5068629037087	58.78833585395862
1336.6704415071292	58.90049796201328
1356.112760779938	59.01669314370645
1375.8378750985323	59.13252953681836
1395.8498978115715	59.24375062936037
1416.153002097749	59.35654864443031
1436.7514218360407	59.47147659397925
1457.6494524886093	59.588050372030594
1478.8514519965543	59.703593391844166
1500.3618416886875	59.819556484158554
1522.1851072035295	59.93910779147336
1544.3257994247153	60.063137458360856
1566.788535430007	60.18894016312449
1589.5779994541087	60.31665714609804
1612.6989438654878	60.4461750273142
1636.156190157402	60.57747998912776
1659.9546299533442	60.71062734518947
1684.099226027109	60.850608796729716
1708.5950133376978	60.996158545768026
1733.4471000792773	61.14226510948485
1758.6606687464096	61.286988340611344
1784.2409772147755	61.43396082654012
1810.193359837619	61.590853253960255
1836.5232285581387	61.74994774042747
1863.2360740380593	61.917042589285764
1890.3374668026197	62.08842031566405
1917.833058402214	62.259446087501274
1945.7285825909298	62.42977361113252
1974.0298565222283	62.60304168030784
2002.7427819620161	62.78104889591369
2031.8733465193618	62.9615400207131
2061.4276248951132	63.13497122285955
2091.411780148677	63.30995372079157
2121.832064983222	63.48075291794317
2152.694823049581	63.65019072644164
2184.0064902691106	63.818277445431875
2215.7735961758003	63.98219220814926
2248.002765277899	64.14598090407493
2280.7007184393456	64.28694719793336
2313.874274281297	64.42981303999066
2347.530350604038	64.54950364292316
2381.6759658295764	64.66483265645041
2416.318240465218	64.76563970210523
2451.4643985884327	64.85357603133761
2487.1217693533167	64.93184006935098
2523.2977885189675	64.97945967764471
2560.0000000000887	65.02757249735909
2597.236057440151	65.03176712247904
2635.0137258074315	65.03481781776738
2673.340883014273	65.01607514206715
2712.225521559891	64.98754772123135
2751.6757501970797	64.93656519957607
2791.699795623158	64.85476037358245
2832.3060041955137	64.76676676191505
2873.502843672097	64.64947461380513
2915.2989049772345	64.53019646444788
2957.7029039931244	64.37791638876725
3000.723683377391	64.21844645808301
3044.370214407075	64.0488902450358
3088.6515988494466	63.8713791974369
3133.57707086003	63.68855318498831
3179.1559989082334	63.497472527629846
3225.3978877309914	63.30381520968187
3272.3123803148205	63.12095947566912
3319.9092599067053	62.935079025912664
3368.198452054235	62.75031782704714
3417.190026675413	62.56381797568915
3466.8942001585724	62.3915619195013
3517.3213374928373	62.235051865386126
3568.4819544295697	62.081271777841366
3620.386719675257	61.94573511444834
3673.0464571162966	61.80783926964024
3726.472148076138	61.70340610106426
3780.6749336052594	61.59982021770801
3835.6661168044484	61.51588004850437
3891.45716518188	61.44192834927719
3948.059713044477	61.37692321108288
4005.4855639240527	61.32803409444145
4063.746693038744	61.280356732656685
4122.855249790247	61.252052611238824
4182.823560297375	61.22315697931062
4243.664129966465	61.193716325976055
4305.389646099183	61.163786793629555
4368.012980538242	61.14286435176325
4431.5471923516225	61.12970955905931
4496.00553055582	61.11294203973897
4561.401436878714	61.08620826132842
4627.748548562617	61.05950296314112
4695.060701208099	61.015598546723226
4763.351931659176	60.97155474303897
4832.63648093046	60.92493237313233
4902.928797176889	60.87750734572434
4974.243538706657	60.828943182758096
5046.595577037959	60.778902293976984
5120.000000000202	60.72843809915692
5194.472114880326	60.67226309659263
5270.027451614888	60.61721328215551
5346.6817660285715	60.54525412743554
5424.451043119808	60.4720777067941
5503.351500394186	60.3935286001812
5583.399591246343	60.31198981854182
5664.612008391055	60.23277630991349
5747.005687344222	60.15680927783207
5830.597809954497	60.08286373872533
5915.405807986278	60.0130045482521
6001.447366754812	59.94525043273469
6088.740428814181	59.88801939664178
6177.303197698925	59.83554019226713
6267.154141720092	59.799116738242155
6358.3119978165005	59.77927573759321
6450.795775462017	59.77156013980986
6544.624760629676	59.80124291099735
6639.818519813445	59.8337837134848
6736.396904108505	59.9094996079035
6834.380053350861	59.990888945082695
6933.788400317181	60.11137552576736
7034.642674985712	60.25361008885354
7136.963908859177	60.40773608291708
7240.773439350552	60.578840713157426
7346.092914232631	60.75032023043589
7452.944296152315	60.90124407537058
7561.349867210557	61.05464218508628
7671.332233608935	61.12756357477799
7782.914330363799	61.184540999913494
7896.119426088994	61.151439446227435
8010.971127848146	61.044079250523225
8127.49338607753	60.8709891502184
8245.710499580537	60.59060339296525
8365.647120594791	60.22702686141155
8487.328259932974	59.80897133479343
8610.77929219841	59.35497759276788
8736.025961076528	58.86825209947396
8863.094384703289	58.354736882478925
8992.011061111683	57.822298537561316
9122.802873757471	57.2849455416882
9255.497097125279	56.716289319668356
9390.121402416245	56.22711208252058
9526.7038633184	55.743118334453335
9665.272961860968	55.28728799055654
9805.857594353829	54.89004140274668
9948.487077413367	54.56543275194507
10093.19115407597	54.305365796443226
10240.000000000457	54.1149180139411
10388.944229760706	53.92653014069462
10540.05490322983	53.79187057257264
10693.363532057198	53.654127081896036
10848.902086239672	53.585097220394914
11006.703000788428	53.53009628350447
11166.799182492743	53.49335407461974
11329.224016782166	53.472263612535244
11494.0113746885	53.45480473962849
11661.195619909053	53.4499619570062
11830.811615972614	53.44414390206279
12002.894733509682	53.438085220616365
12177.48085762842	53.43110565372599
12354.606395397908	53.42064677835428
12534.308283440243	53.40819338708854
12716.62399563306	53.39330804036411
12901.591550924093	53.37549878275929
13089.249521259411	53.35688772025877
13279.637039626952	53.33819377493728
13472.793808217073	53.31857981251215
13668.760106701786	53.29131799172288
13867.576800634426	53.26211393761679
14069.285349971487	53.22748038855564
14273.927817718419	53.18882173115936
14481.54687870117	53.13837797641021
14692.18582846533	53.06416550040517
14905.888592304698	52.98590693199458
15122.699734421185	52.85470155096395
15342.664467217943	52.721127148342084
15565.828660727671	52.544445471524085
15792.238852178061	52.35245134123138
16021.942255696367	52.108840284788585
16254.986772155136	51.82806395770751
16491.42099916115	51.47863263836615
16731.294241189662	51.12443045338708
16974.65651986603	50.765425631223565
17221.558584396902	50.39632352238583
17472.051922153143	49.98502377539077
17726.188769406665	49.56495923822804
17984.022122223458	49.1123014205007
18245.605747515034	48.63376107549306
18510.99419425065	48.15088040886485
18780.242804832582	47.653398129885936
19053.40772663689	47.13032305628603
19330.545923722028	47.13382213503694
19611.71518870775	47.137101263893335
19896.974154826825	47.14016276669576
20186.382308152035	47.14300838094433