20,104.96
20.290906698750476,104.95515153885928
20.586044732869844,104.94927910441226
20.885475648548283,104.94233890153387
21.189261887185914,104.93332217231053
21.49746679841394,104.92383232113235
21.810154653305165,104.91364455391155
22.12739065777668,104.90254132697781
22.449240966187475,104.89119450392478
22.77577269513385,104.87922169525075
23.107053937445478,104.86707467587591
23.44315377638505,104.85475100902919
23.784142300054445,104.84209466374796
24.130090616010463,104.82922999484626
24.481070866093134,104.81620983897231
24.837156241469714,104.80297095771597
25.1984209978975,104.79005526507359
25.56494047120865,104.77722706907537
25.936791093020236,104.76421230068279
26.3140504066728,104.75081817448257
26.69679708340074,104.73760409478948
27.08511093873791,104.72482965594321
27.47907294916184,104.71193013897759
27.878765268980047,104.6982432155857
28.284271247461966,104.68490332008122
28.695675446220072,104.67173838572096
29.11306365684382,104.65860809029469
29.536522918790062,104.6459043124363
29.966141537533712,104.63301575387399
30.402009102982383,104.61993972711144
30.844216508158908,104.60667352393905
31.29285596815558,104.59321432095534
31.74802103936409,104.5800554108978
32.20980663898519,104.5671254141084
32.67830906482211,104.55400734618497
33.153626015361866,104.54069847156987
33.63585661014871,104.52746772813614
34.125101410453844,104.51449716050729
34.62146244024586,104.50084197655362
35.12504320746613,104.48774887660588
35.635948725613716,104.47473723058526
36.15428553564419,104.46198857607325
36.68016172818701,104.44867611852351
37.21368696608603,104.43587151281393
37.754972507267915,104.42280781938375
38.30413122794313,104.40950087452937
38.86127764614443,104.39616967486617
39.4265279456077,104.38274496347302
40.000000000000206,104.37
40.58181339750116,104.356424308806
41.1720894657399,104.34360474688523
41.77095129709678,104.33062936899414
42.37852377437204,104.31760305825908
42.9949335968281,104.30427640299007
43.62030930661056,104.29072664472355
44.25478131555359,104.27790440953977
44.89848193237519,104.26503036812039
45.55154539026795,104.25104272983398
46.21410787489121,104.23871786156172
46.88630755277036,104.22527383141055
47.56828460010916,104.21173185923817
48.260181232021196,104.19879639535958
48.962141732186545,104.18513167907128
49.674312482939705,104.17197095771597
50.39684199579528,104.15905525639265
51.129880942417586,104.14587362982134
51.873582186040764,104.13206205502773
52.628100813345895,104.11850824390176
53.393594166801776,104.10511209347108
54.17022187747612,104.09112444209767
54.95814589832399,104.07714608153432
55.75753053796041,104.06254630809613
56.56854249492426,104.04776623509137
57.39135089244048,104.03295568393608
58.226127313687975,104.01770358103994
59.073045837580466,104.00161212908597
59.932283075067765,103.9852866215737
60.804018205965114,103.96792535771014
61.68843301631817,103.95123134505742
62.58571193631152,103.93280363235793
63.49604207872855,103.91407915842544
64.41961327797075,103.8951881211626
65.35661812964459,103.87586763740711
66.3072520307241,103.85654770735479
67.27171322029778,103.83656573559405
68.25020282090806,103.81699594358184
69.2429248804921,103.79714150239016
70.25008641493265,103.77699827170134
71.27189745122783,103.75656205097545
72.30857107128878,103.73613714964551
73.36032345637442,103.71579353087252
74.42737393217246,103.69487989528872
75.50994501453623,103.6746509846943
76.60826245588666,103.65446280897716
77.72255529228926,103.63389129639322
78.85305589121582,103.61307157208266
80.00000000000082,103.59299999999999
81.16362679500274,103.57263648017866
82.34417893148023,103.55175682792729
83.541902594194,103.53136784294169
84.75704754874454,103.51104921764397
85.98986719365665,103.49050217219448
87.24061861322157,103.4693895210312
88.50956263110764,103.44884699790228
89.79696386475084,103.42824857816399
91.10309078053635,103.40753435231073
92.42821574978288,103.38710437053172
93.77261510554118,103.3664213512501
95.13656920021877,103.34606526482673
96.52036246404286,103.32607131192708
97.92428346437356,103.30512531943486
99.34862496587989,103.28477064993844
100.79368399159105,103.26388842411772
102.25976188483567,103.24336333361231
103.74716437208203,103.22285992657899
105.25620162669229,103.20276236585262
106.78718833360406,103.18250415555194
108.34044375495276,103.1617940832673
109.9162917966485,103.14097365513607
111.51506107592134,103.12023492011684
113.13708498984903,103.10010231773131
114.78270178488147,103.07971623447956
116.45225462737648,103.05917685072336
118.14609167516147,103.03825813637934
119.86456615013608,103.0177686172627
121.60803641193078,102.99747957746425
123.3768660326369,102.97660872209596
125.17142387262359,102.95605719611027
126.99208415745765,102.93575110232045
128.83922655594208,102.91564861837664
130.71323625928977,102.89476679596791
132.61450406144883,102.87424045532406
134.5434264405962,102.85329402237373
136.50040564181674,102.83299594358182
138.48584976098482,102.81289857750966
140.50017282986593,102.79199827170133
142.5437949024563,102.77156205097543
144.61714214257822,102.75082857857421
146.7206469127495,102.73048178963761
148.8547478643456,102.70999442050228
151.01989002907314,102.68961701173252
153.216524911774,102.66912136084697
155.4451105845792,102.6480830268557
157.70611178243232,102.62810377160162
160.00000000000236,102.60699999999999
162.3272535900062,102.58652016840794
164.6883578629612,102.56661779395112
167.08380518838874,102.54566251434218
169.51409509748981,102.52508160118109
171.97973438731407,102.50437023114657
174.4812372264439,102.48415010218845
177.01912526221608,102.46384699790227
179.5939277295025,102.44324857816397
182.20618156107355,102.42235054751141
184.85643149956664,102.40209112060329
187.54523021108326,102.38165625039578
190.27313840043846,102.36092414815667
193.04072492808663,102.34010678051777
195.84856692874806,102.31989031811301
198.69724993176072,102.29937980049132
201.58736798318304,102.27888842411772
204.5195237696723,102.2583633336123
207.49432874416505,102.23753969879085
210.5124032533856,102.2169173116441
213.57437666720915,102.19676655166315
216.68088750990657,102.17590400930813
219.83258359329807,102.15508820664355
223.03012215184378,102.13506173655098
226.2741699796992,102.1145969234619
229.5654035697641,102.09375244405815
232.90450925475412,102.07357294447147
236.2921833503241,102.05324689989806
239.72913230027333,102.03262520619836
243.21607282386276,102.0117575812628
246.75373206527502,101.99141604062467
250.34284774524843,101.97102862546483
253.9841683149166,101.95009103218923
257.67845311188546,101.92976850788463
261.42647251858085,101.90915440114782
265.22900812289896,101.88879770735478
269.08685288119375,101.86853678463363
273.0008112836349,101.84774574076091
276.97169952197106,101.82714150239013
281.00034565973334,101.80679820256938
285.0875898049141,101.78557956893641
289.23428428515797,101.76567543543125
293.44129382550057,101.7447935308725
297.7094957286928,101.72453631964801
302.0397800581479,101.7043110447238
306.4330498235497,101.68364576749009
310.89022116916016,101.6625214494465
315.41222356486645,101.6421862163146
320.00000000000654,101.62199999999997
324.6545071800142,101.60152016840793
329.3767157259242,101.58074245080593
334.16761037677935,101.56049603641753
339.02819019498156,101.54008160118109
343.95946877463007,101.51937023114655
348.9624744528898,101.49835760729786
354.03825052443415,101.47784699790226
359.187855459007,101.45724857816397
364.4123631221491,101.43723302013584
369.71286299913527,101.41614854800346
375.0904604221685,101.39566400414623
380.54627680087896,101.37539954331102
386.08144985617537,101.35530678051778
391.6971338574982,101.33438574803438
397.3944998635236,101.31385870046402
403.1747359663683,101.29335930145665
409.0390475393468,101.27236333361229
414.9886574883323,101.25203780837222
421.0248065067734,101.23162923483392
427.1487533344206,101.21083748888526
433.3617750198154,101.19052104577058
439.6651671865984,101.17024302210118
446.06024430368984,101.14947589303831
452.54833995940066,101.12884531212991
459.13080713953053,101.1086075785814
465.8090185095106,101.08793810805322
472.58436670065066,101.06724689989805
479.45826460054917,101.04662520619836
486.432145647728,101.02658999218637
493.50746413055253,101.00547760760834
500.6856954904994,100.98511433740113
507.9683366298358,100.96508707426796
515.3569062237735,100.94403125453546
522.8529450371643,100.9236544011478
530.4580162458005,100.90279770735476
538.1737057623901,100.88255332803956
546.0016225672724,100.86242439911273
553.9433990439449,100.84189857750964
562.0006913194694,100.82099827170133
570.1751796098309,100.80056205097543
578.4685685703187,100.7798285785742
586.8825876510039,100.75948178963759
595.4189914573883,100.73899442050227
604.0795601162986,100.71831104472379
612.8660996471021,100.69787748652091
621.780442338323,100.67750184608384
630.8244471297356,100.65710377160161
640.0000000000159,100.63599999999997
649.3090143600314,100.61552016840794
658.7534314518515,100.59561779395112
668.3352207535618,100.57466251434217
678.0563803899662,100.55408160118107
687.9189375492632,100.53337023114655
697.9249489057827,100.51315010218843
708.0765010488715,100.49284699790226
718.3757109180171,100.47224857816396
728.8247262443015,100.45223302013584
739.425725998274,100.43114854800346
750.1809208443404,100.41066831178537
761.0925536017613,100.3906636517301
772.1628997123541,100.37023772360796
783.3942677149998,100.35079431617461
794.7889997270506,100.33111925047767
806.34947193274,100.31141754677877
818.0780950786972,100.29218153871903
829.9773149766683,100.27372546272642
842.0496130135506,100.2562630482308
854.2975066688449,100.23962811666395
866.7235500396347,100.22491309995732
879.3303343732008,100.2116696656268
892.1204886073838,100.20125300759508
905.0966799188055,100.19387638336717
918.2616142790653,100.19051833736314
931.6180370190256,100.19203631908277
945.1687334013056,100.19997394450108
958.9165292011028,100.21514566150137
972.8642912954606,100.23738572373078
987.0149282611097,100.2696509827765
1001.3713909810035,100.31075415540082
1015.9366732596762,100.36174669303871
1030.7138124475518,100.42126314261739
1045.7058900743334,100.49042283224202
1060.916032491606,100.56588550662191
1076.3474115247852,100.64845567710381
1092.0032451345498,100.73564386234457
1107.8867980878947,100.82805124594337
1124.0013826389438,100.92300829583367
1140.350359219667,101.021102155318
1156.9371371406426,101.12062282284386
1173.765175302013,101.22159105181208
1190.837982914782,101.32361105199197
1208.1591202326028,101.42680049852186
1225.73219929421,101.5305743101518
1243.5608846766518,101.63508076531807
1261.648894259477,101.73978699375434
1280.0000000000375,101.84400000000021
1298.6180287200684,101.94826096083239
1317.5068629037087,102.05403843226077
1336.6704415071292,102.15885390621386
1356.112760779938,102.26400890821166
1375.8378750985323,102.36894073802222
1395.8498978115715,102.47421196351075
1416.153002097749,102.57891874410178
1436.7514218360407,102.68409468027201
1457.6494524886093,102.78924726244306
1478.8514519965543,102.89479508574318
1500.3618416886875,102.99975131377325
1522.1851072035295,103.10537591886508
1544.3257994247153,103.21021777328465
1566.788535430007,103.31557034581243
1589.5779994541087,103.42047567751074
1612.6989438654878,103.52539922627201
1636.156190157402,103.63053348429887
1659.9546299533442,103.73580037179471
1684.099226027109,103.8413086564371
1708.5950133376978,103.94644285655184
1733.4471000792773,104.05147782033296
1758.6606687464096,104.1566819552352
1784.2409772147755,104.26170318703629
1810.193359837619,104.36677343935047
1836.5232285581387,104.47163198509023
1863.2360740380593,104.5768854102292
1890.3374668026197,104.68250937119417
1917.833058402214,104.78776562192841
1945.7285825909298,104.8929394705419
1974.0298565222283,104.9974298720018
2002.7427819620161,105.10287401506326
2031.8733465193618,105.20768160258572
2061.4276248951132,105.31299668713291
2091.411780148677,105.41789417118207
2121.832064983222,105.52322902094295
2152.694823049581,105.62784502779233
2184.0064902691106,105.73322141788806
2215.7735961758003,105.83765852747575
2248.002765277899,105.94260884888928
2280.7007184393456,106.04688560839126
2313.874274281297,106.1514727260814
2347.530350604038,106.25575974185239
2381.6759658295764,106.35902789748873
2416.318240465218,106.46241078004681
2451.4643985884327,106.56471014594175
2487.1217693533167,106.66594095418928
2523.2977885189675,106.76548647371419
2560.0000000000887,106.86350000000023
2597.236057440151,106.95909014360038
2635.0137258074315,107.05203294193784
2673.340883014273,107.1405169867821
2712.225521559891,107.22467359527577
2751.6757501970797,107.3027677128843
2791.699795623158,107.37368214744995
2832.3060041955137,107.43516676612545
2873.502843672097,107.48732318491274
2915.2989049772345,107.5286271677827
2957.7029039931244,107.55808116159726
3000.723683377391,107.57503618416887
3044.370214407075,107.57627163093215
3088.6515988494466,107.56500565043146
3133.57707086003,107.54226433071248
3179.1559989082334,107.50809208089525
3225.3978877309914,107.46458619675977
3272.3123803148205,107.4126713912285
3319.9092599067053,107.35371977692314
3368.198452054235,107.28888613616515
3417.190026675413,107.2199025610539
3466.8942001585724,107.14665869976214
3517.3213374928373,107.07067156701089
3568.4819544295697,106.99253779017846
3620.386719675257,106.9126044517001
3673.0464571162966,106.83150845604091
3726.472148076138,106.74923289196275
3780.6749336052594,106.66611117291767
3835.6661168044484,106.58250082479333
3891.45716518188,106.49881425222719
3948.059713044477,106.41391043043329
4005.4855639240527,106.32895450624473
4063.746693038744,106.24356729509381
4122.855249790247,106.15785988780415
4182.823560297375,106.07092600585665
4243.664129966465,105.9831417553341
4305.389646099183,105.89460817392451
4368.012980538242,105.80484806122853
4431.5471923516225,105.71319619389266
4496.00553055582,105.6188585551848
4561.401436878714,105.52057208934254
4627.748548562617,105.4188606072519
4695.060701208099,105.31225741944384
4763.351931659176,105.1989202324177
4832.63648093046,105.07850706394377
4902.928797176889,104.94990569675215
4974.243538706657,104.81208364823179
5046.595577037959,104.66489662235921
5120.000000000202,104.50914285714242
5194.472114880326,104.3442553994827
5270.027451614888,104.17193686128576
5346.6817660285715,103.99504841605894
5424.451043119808,103.81449257102102
5503.351500394186,103.63381587767607
5583.399591246343,103.45572840436746
5664.612008391055,103.28525314263052
5747.005687344222,103.12409936466631
5830.597809954497,102.97512556977418
5915.405807986278,102.84135621729838
6001.447366754812,102.72642598865414
6088.740428814181,102.63350820387356
6177.303197698925,102.56266785297359
6267.154141720092,102.51160178268296
6358.3119978165005,102.47908952063321
6450.795775462017,102.4619204224538
6544.624760629676,102.45833874281888
6639.818519813445,102.46597277797201
6736.396904108505,102.48264334986278
6834.380053350861,102.50493881387122
6933.788400317181,102.53179863609199
7034.642674985712,102.56139280249572
7136.963908859177,102.59134989448057
7240.773439350552,102.62000882862465
7346.092914232631,102.6466013702735
7452.944296152315,102.66852997330743
7561.349867210557,102.68466873340132
7671.332233608935,102.69436918001271
7782.914330363799,102.69648087706013
7896.119426088994,102.68985074318813
8010.971127848146,102.67353149623416
8127.49338607753,102.64663670131401
8245.710499580537,102.60935284243999
8365.647120594791,102.56263074499743
8487.328259932974,102.50870228303016
8610.77929219841,102.44576403236415
8736.025961076528,102.37673946771146
8863.094384703289,102.30296877738199
8992.011061111683,102.22389988251817
9122.802873757471,102.1412104729087
9255.497097125279,102.05640574418732
9390.121402416245,101.96842108842944
9526.7038633184,101.87941995664872
9665.272961860968,101.78839844801398
9805.857594353829,101.69690740057138
9948.487077413367,101.60448339968131
10093.19115407597,101.51135766139137
10240.000000000457,101.41799999999971
10388.944229760706,101.32409219843613
10540.05490322983,101.23009102862655
10693.363532057198,101.13635945721863
10848.902086239672,101.04199940101459
11006.703000788428,100.94764509328186
11166.799182492743,100.8534461931114
11329.224016782166,100.75861932354374
11494.0113746885,100.66439355434318
11661.195619909053,100.57014428696036
11830.811615972614,100.47517211743035
12002.894733509682,100.38118826092932
12177.48085762842,100.28622467728744
12354.606395397908,100.19154325578779
12534.308283440243,100.09715969261107
12716.62399563306,100.0027996822417
12901.591550924093,99.90862370138981
13089.249521259411,99.8137223849631
13279.637039626952,99.71897785058279
13472.793808217073,99.62469500301472
13668.760106701786,99.52999514878314
13867.576800634426,99.43523890370182
14069.285349971487,99.34089778784654
14273.927817718419,99.24608011112379
14481.54687870117,99.15139617019096
14692.18582846533,99.05690074884754
14905.888592304698,98.96303257375516
15122.699734421185,98.86899371473004
15342.664467217943,98.77471026589959
15565.828660727671,98.68035196249437
15792.238852178061,98.58576654831134
16021.942255696367,98.49222309772146
16254.986772155136,98.39904518531519
16491.42099916115,98.30636296832883
16731.294241189662,98.21418301138317
16974.65651986603,98.12342777460984
17221.558584396902,98.03423890961712
17472.051922153143,97.94672593109071
17726.188769406665,97.86190532855699
17984.022122223458,97.78098509786628
18245.605747515034,97.70428312172561
18510.99419425065,97.63340537015684
18780.242804832582,97.57070949659482
19053.40772663689,97.51602750192501
19330.545923722028,97.47269012176358
19611.71518870775,97.44161592414855
19896.974154826825,97.42353313718762
20186.382308152035,97.419