20	-5.928729011327095
20.290906698750476	-5.861332839583654
20.586044732869844	-5.800280690559483
20.885475648548283	-5.727035030564323
21.189261887185914	-5.666365514457468
21.49746679841394	-5.615220250922227
21.810154653305165	-5.568050991144858
22.12739065777668	-5.515099905896788
22.449240966187475	-5.469002388289278
22.77577269513385	-5.42047198653863
23.107053937445478	-5.377483361608851
23.44315377638505	-5.322129628524942
23.784142300054445	-5.2637642842419785
24.130090616010463	-5.202429652568179
24.481070866093134	-5.141413527475984
24.837156241469714	-5.081034560785571
25.1984209978975	-5.011070155235746
25.56494047120865	-4.938327653015113
25.936791093020236	-4.872858034573151
26.3140504066728	-4.794712602107391
26.69679708340074	-4.713942491708325
27.08511093873791	-4.6352319189771976
27.47907294916184	-4.554728989258638
27.878765268980047	-4.476382580252288
28.284271247461966	-4.393971279976827
28.695675446220072	-4.302437413272888
29.11306365684382	-4.214268104985932
29.536522918790062	-4.120975425568697
29.966141537533712	-4.028979730721993
30.402009102982383	-3.9366130051399946
30.844216508158908	-3.8373097106802305
31.29285596815558	-3.744962631819755
31.74802103936409	-3.6404765927259124
32.20980663898519	-3.5439503727811763
32.67830906482211	-3.4348531109660416
33.153626015361866	-3.3337678835686866
33.63585661014871	-3.220355232247595
34.125101410453844	-3.114497922317333
34.62146244024586	-3.0064589323371544
35.12504320746613	-2.895840947631977
35.635948725613716	-2.782942061618082
36.15428553564419	-2.667523531573689
36.68016172818701	-2.5490865662648283
37.21368696608603	-2.428159964668215
37.754972507267915	-2.303949075742407
38.30413122794313	-2.176615384950854
38.86127764614443	-2.0461038137805243
39.4265279456077	-1.9217970436769867
40.000000000000206	-1.7834197342265727
40.58181339750116	-1.64102613708816
41.1720894657399	-1.4941219702211188
41.77095129709678	-1.3422237218541233
42.37852377437204	-1.1847717458591327
42.9949335968281	-1.0214097752494684
43.62030930661056	-0.8652733513610276
44.25478131555359	-0.7032896826781263
44.89848193237519	-0.533353096892264
45.55154539026795	-0.34851782407266274
46.21410787489121	-0.15800639945604988
46.88630755277036	0.045196166548905126
47.56828460010916	0.24940869129567123
48.260181232021196	0.46541401422327766
48.962141732186545	0.6696566965122961
49.674312482939705	0.879889185761308
50.39684199579528	1.101535174747245
51.129880942417586	1.3240577756130838
51.873582186040764	1.5373722688014295
52.628100813345895	1.7452104156161936
53.393594166801776	1.9280262718602974
54.17022187747612	2.0901596131749764
54.95814589832399	2.2205099143365006
55.75753053796041	2.321198048810778
56.56854249492426	2.4041198910767037
57.39135089244048	2.453620208459464
58.226127313687975	2.493908859758373
59.073045837580466	2.521775848088656
59.932283075067765	2.5404153343496505
60.804018205965114	2.5456936975083737
61.68843301631817	2.543557071816718
62.58571193631152	2.556575296380961
63.49604207872855	2.5773528456205796
64.41961327797075	2.6123109459440297
65.35661812964459	2.654762323363827
66.3072520307241	2.702435299461178
67.27171322029778	2.758194667670551
68.25020282090806	2.822626834628241
69.2429248804921	2.8936822040935963
70.25008641493265	2.971183510918857
71.27189745122783	3.0529517576395118
72.30857107128878	3.1269612739732544
73.36032345637442	3.2050635549421465
74.42737393217246	3.28229559679177
75.50994501453623	3.3485754972076656
76.60826245588666	3.415551363996027
77.72255529228926	3.4673407563220744
78.85305589121582	3.5052694437322085
80.00000000000082	3.53550255978909
81.16362679500274	3.5562529709815056
82.34417893148023	3.5744808131959354
83.541902594194	3.6057892243175322
84.75704754874454	3.648834249673521
85.98986719365665	3.722974929274489
87.24061861322157	3.8135802860628525
88.50956263110764	3.926410966200894
89.79696386475084	4.056451680856265
91.10309078053635	4.18756171571712
92.42821574978288	4.325642826935928
93.77261510554118	4.471459317817272
95.13656920021877	4.608673509067107
96.52036246404286	4.732969606809046
97.92428346437356	4.849685510813051
99.34862496587989	4.966295977266224
100.79368399159105	5.060880829124355
102.25976188483567	5.141950055230804
103.74716437208203	5.211273919406867
105.25620162669229	5.264495463836246
106.78718833360406	5.292833767478942
108.34044375495276	5.301399437858551
109.9162917966485	5.289259219082918
111.51506107592134	5.257087863502666
113.13708498984903	5.195108863431594
114.78270178488147	5.118701690201754
116.45225462737648	5.02699453243107
118.14609167516147	4.916192874583819
119.86456615013608	4.80311257096805
121.60803641193078	4.680562369946566
123.3768660326369	4.550823888543202
125.17142387262359	4.41662626434246
126.99208415745765	4.279283330626037
128.83922655594208	4.131061327589345
130.71323625928977	3.992169589558265
132.61450406144883	3.8547105373130273
134.5434264405962	3.725234585476456
136.50040564181674	3.596786168643326
138.48584976098482	3.4570539465373353
140.50017282986593	3.3243388269884857
142.5437949024563	3.203646000092251
144.61714214257822	3.0678597615567016
146.7206469127495	2.928895876398218
148.8547478643456	2.787441231825508
151.01989002907314	2.631168016616387
153.216524911774	2.467352168341753
155.4451105845792	2.2962840611888873
157.70611178243232	2.118861929282481
160.00000000000236	1.9361137545615068
162.3272535900062	1.7495365418662812
164.6883578629612	1.5695988622772987
167.08380518838874	1.381272193592292
169.51409509748981	1.1923767830930383
171.97973438731407	1.0081229307318471
174.4812372264439	0.832296031363803
177.01912526221608	0.6528899865437658
179.5939277295025	0.47832302881174904
182.20618156107355	0.31912089500377605
184.85643149956664	0.16042498372753888
187.54523021108326	0.007653300687525011
190.27313840043846	-0.1304633245984459
193.04072492808663	-0.2622227784008344
195.84856692874806	-0.3882149544253348
198.69724993176072	-0.5088961702122334
201.58736798318304	-0.6123026348841565
204.5195237696723	-0.708146484002528
207.49432874416505	-0.7893241067714016
210.5124032533856	-0.8760685549081138
213.57437666720915	-0.9484593803256529
216.68088750990657	-1.0026514391883534
219.83258359329807	-1.0631135322788623
223.03012215184378	-1.116575032942599
226.2741699796992	-1.155970734238303
229.5654035697641	-1.1897893342906878
232.90450925475412	-1.2161761351229194
236.2921833503241	-1.24573995290476
239.72913230027333	-1.2601263048615472
243.21607282386276	-1.272362124036448
246.75373206527502	-1.2826078520249196
250.34284774524843	-1.291008311119901
253.9841683149166	-1.283569906590723
257.67845311188546	-1.2829367008835
261.42647251858085	-1.2734569698190659
265.22900812289896	-1.261396373835784
269.08685288119375	-1.2481323663614026
273.0008112836349	-1.2337365648670438
276.97169952197106	-1.2183675942508638
281.00034565973334	-1.2021057879197041
285.0875898049141	-1.1849454506874242
289.23428428515797	-1.1671007714711918
293.44129382550057	-1.1485487963926717
297.7094957286928	-1.129403501591451
302.0397800581479	-1.109666710350223
306.4330498235497	-1.0794259108072648
310.89022116916016	-1.05134399362501
315.41222356486645	-1.0176951732280228
320.00000000000654	-0.9963094186316881
324.6545071800142	-0.9745810214496822
329.3767157259242	-0.9526289259623497
334.16761037677935	-0.9304417032458212
339.02819019498156	-0.9081025683043373
343.95946877463007	-0.8855401915191343
348.9624744528898	-0.8629609674324905
354.03825052443415	-0.8402311288927784
359.187855459007	-0.8274167541846031
364.4123631221491	-0.8046341185899362
369.71286299913527	-0.7917688988657385
375.0904604221685	-0.7750167564104462
380.54627680087896	-0.7567408935765658
386.08144985617537	-0.7485099746991435
391.6971338574982	-0.740333812050904
397.3944998635236	-0.7222675953802651
403.1747359663683	-0.7142632167083616
409.0390475393468	-0.7063985979206837
414.9886574883323	-0.6986502873929723
421.0248065067734	-0.691030753418598
427.1487533344206	-0.6835489805017887
433.3617750198154	-0.6762260564266414
439.6651671865984	-0.6633812779985238
446.06024430368984	-0.6520436986919371
452.54833995940066	-0.6405156765327971
459.13080713953053	-0.628583876434643
465.8090185095106	-0.618363839063448
472.58436670065066	-0.6058256034896872
479.45826460054917	-0.5897204067047319
486.432145647728	-0.5765144232667914
493.50746413055253	-0.5580857520591072
500.6856954904994	-0.5462412289177849
507.9683366298358	-0.5363688266013362
515.3569062237735	-0.5166915765482731
522.8529450371643	-0.4971823844863621
530.4580162458005	-0.4878799792165682
538.1737057623901	-0.4686938203295463
546.0016225672724	-0.44972399665346363
553.9433990439449	-0.4387963254611087
562.0006913194694	-0.4222216205004323
570.1751796098309	-0.41062039305932707
578.4685685703187	-0.4053054884325493
586.8825876510039	-0.3929928491794419
595.4189914573883	-0.37934853866530216
604.0795601162986	-0.3708526537299994
612.8660996471021	-0.3528796790662794
621.780442338323	-0.335034107941969
630.8244471297356	-0.32573956364944134
640.0000000000159	-0.31250760278283507
649.3090143600314	-0.30175129481471474
658.7534314518515	-0.29405385954264496
668.3352207535618	-0.2829339894605172
678.0563803899662	-0.27971208817235715
687.9189375492632	-0.2708958718228658
697.9249489057827	-0.26315620014693675
708.0765010488715	-0.25976705183710547
718.3757109180171	-0.25624536328290015
728.8247262443015	-0.2526066316281794
739.425725998274	-0.24064164711076153
750.1809208443404	-0.2374592513566991
761.0925536017613	-0.24056881834315091
772.1628997123541	-0.23607538099949077
783.3942677149998	-0.2312946444110654
794.7889997270506	-0.23617847726543295
806.34947193274	-0.23070091386742542
818.0780950786972	-0.2345425247459516
829.9773149766683	-0.23270429037532503
842.0496130135506	-0.2315969715177555
854.2975066688449	-0.23419310575804486
866.7235500396347	-0.23396839469759811
879.3303343732008	-0.22750219629246338
892.1204886073838	-0.21810369721860812
905.0966799188055	-0.21791671355529962
918.2616142790653	-0.20688930804931693
931.6180370190256	-0.20491922912967464
945.1687334013056	-0.1919700898650576
958.9165292011028	-0.17792381251529155
972.8642912954606	-0.15272380662786755
987.0149282611097	-0.13626270362304327
1001.3713909810035	-0.1055476246079563
1015.9366732596762	-0.07178435038653619
1030.7138124475518	-0.036462842371388304
1045.7058900743334	0.0004915917527741898
1060.916032491606	0.040219241240780246
1076.3474115247852	0.095299622776582
1092.0032451345498	0.15243397957040128
1107.8867980878947	0.21158603277520383
1124.0013826389438	0.2820135365736242
1140.350359219667	0.3637047584586208
1156.9371371406426	0.45073322138247174
1173.765175302013	0.5362511970123527
1190.837982914782	0.6361779790266671
1208.1591202326028	0.7401151651697941
1225.73219929421	0.8532509950284689
1243.5608846766518	0.9608675263686134
1261.648894259477	1.0843534782272481
1280.0000000000375	1.2097079597389946
1298.6180287200684	1.3462471336416324
1317.5068629037087	1.4824226773412121
1336.6704415071292	1.6245357568218508
1356.112760779938	1.7662039531983877
1375.8378750985323	1.9164929941889088
1395.8498978115715	2.0544963692007183
1416.153002097749	2.1905536878057985
1436.7514218360407	2.330001119648631
1457.6494524886093	2.4558774162318624
1478.8514519965543	2.5760771963961595
1500.3618416886875	2.6997251330413565
1522.1851072035295	2.832254053296376
1544.3257994247153	2.957091775228505
1566.788535430007	3.0822780570010364
1589.5779994541087	3.1949143281302828
1612.6989438654878	3.319432501649465
1636.156190157402	3.445424119400923
1659.9546299533442	3.5785639055616127
1684.099226027109	3.699378580023976
1708.5950133376978	3.8288074227488864
1733.4471000792773	3.966199751283282
1758.6606687464096	4.104807078251515
1784.2409772147755	4.247910104845728
1810.193359837619	4.389606849587816
1836.5232285581387	4.5412602452491715
1863.2360740380593	4.6990519664964525
1890.3374668026197	4.850682873981362
1917.833058402214	5.009600738998371
1945.7285825909298	5.178761710352523
1974.0298565222283	5.344216202091117
2002.7427819620161	5.511580802239503
2031.8733465193618	5.6472138199885995
2061.4276248951132	5.793624222973469
2091.411780148677	5.931170237426425
2121.832064983222	6.072129030088028
2152.694823049581	6.216379193750426
2184.0064902691106	6.349645493453949
2215.7735961758003	6.48156145273219
2248.002765277899	6.6162499984589545
2280.7007184393456	6.724157545153206
2313.874274281297	6.829701425031474
2347.530350604038	6.918508716188335
2381.6759658295764	6.957395522190273
2416.318240465218	6.958574330120974
2451.4643985884327	6.930649719362862
2487.1217693533167	6.864378258111489
2523.2977885189675	6.757237693308976
2560.0000000000887	6.606609474353565
2597.236057440151	6.45299850540711
2635.0137258074315	6.298938428739471
2673.340883014273	6.181215280714234
2712.225521559891	6.11239267186902
2751.6757501970797	6.115307828348873
2791.699795623158	6.179685174292687
2832.3060041955137	6.28868542688678
2873.502843672097	6.41335023355041
2915.2989049772345	6.5541465506092855
2957.7029039931244	6.686045411500026
3000.723683377391	6.811379779204271
3044.370214407075	6.916985194889017
3088.6515988494466	6.991575778805002
3133.57707086003	7.037536512356512
3179.1559989082334	7.0395003776412555
3225.3978877309914	6.996156527916557
3272.3123803148205	6.914789816399019
3319.9092599067053	6.800459735469038
3368.198452054235	6.640160426721244
3417.190026675413	6.42898510039401
3466.8942001585724	6.168272762788669
3517.3213374928373	5.877398411809795
3568.4819544295697	5.536810095095984
3620.386719675257	5.130537429989231
3673.0464571162966	4.703730694646582
3726.472148076138	4.248377061284731
3780.6749336052594	3.787571889535987
3835.6661168044484	3.342500259617978
3891.45716518188	2.960941964228171
3948.059713044477	2.6892102823774398
4005.4855639240527	2.5290591250893515
4063.746693038744	2.486678761880344
4122.855249790247	2.569186691026194
4182.823560297375	2.743897353669671
4243.664129966465	2.968700797199549
4305.389646099183	3.1954506870192034
4368.012980538242	3.4056490373054418
4431.5471923516225	3.5921207646060918
4496.00553055582	3.732943707908418
4561.401436878714	3.821949827654903
4627.748548562617	3.865485957179221
4695.060701208099	3.8512821788360565
4763.351931659176	3.8000344593483506
4832.63648093046	3.6852284264724844
4902.928797176889	3.5387558393344483
4974.243538706657	3.345330419576348
5046.595577037959	3.1382508789613697
5120.000000000202	2.915072439129168
5194.472114880326	2.679199003076883
5270.027451614888	2.4288414569341517
5346.6817660285715	2.1817084809921825
5424.451043119808	1.9488521768532676
5503.351500394186	1.7465967938875626
5583.399591246343	1.5635624689859577
5664.612008391055	1.436812300812996
5747.005687344222	1.341030415284631
5830.597809954497	1.2815499368329504
5915.405807986278	1.2501923074524495
6001.447366754812	1.2291038589911296
6088.740428814181	1.2087898105948076
6177.303197698925	1.198954602191698
6267.154141720092	1.2031780722024292
6358.3119978165005	1.227885808067032
6450.795775462017	1.2685871648345635
6544.624760629676	1.3136927941950036
6639.818519813445	1.3578772693820746
6736.396904108505	1.4064905275523758
6834.380053350861	1.4456545481388843
6933.788400317181	1.4897036414027034
7034.642674985712	1.555581471801906
7136.963908859177	1.6357218630791568
7240.773439350552	1.7243532612994312
7346.092914232631	1.8440360043164206
7452.944296152315	2.0019948864674797
7561.349867210557	2.2006585815062905
7671.332233608935	2.427183622439611
7782.914330363799	2.6310874766855017
7896.119426088994	2.746851855163148
8010.971127848146	2.7048538684546495
8127.49338607753	2.468570293837602
8245.710499580537	2.0738562725752554
8365.647120594791	1.6113264395380777
8487.328259932974	1.1343925498119742
8610.77929219841	0.6572410395890957
8736.025961076528	0.2229467133379106
8863.094384703289	-0.1659971737664614
8992.011061111683	-0.5058271378142642
9122.802873757471	-0.8458603488814718
9255.497097125279	-1.161861385053839
9390.121402416245	-1.4457359083139454
9526.7038633184	-1.7289378370051054
9665.272961860968	-2.0273160091387123
9805.857594353829	-2.313406003996745
9948.487077413367	-2.589022328128953
10093.19115407597	-2.8530300241185973
10240.000000000457	-3.111556392237527
10388.944229760706	-3.3650028389553515
10540.05490322983	-3.614741280854644
10693.363532057198	-3.8799647618592843
10848.902086239672	-4.159340396104088
11006.703000788428	-4.4408509319507345
11166.799182492743	-4.715072698109284
11329.224016782166	-5.010625941872409
11494.0113746885	-5.304956954815018
11661.195619909053	-5.591920446996613
11830.811615972614	-5.855024607154644
12002.894733509682	-6.075955760793979
12177.48085762842	-6.2560209668991895
12354.606395397908	-6.392507855475013
12534.308283440243	-6.483312032142492
12716.62399563306	-6.548019171947432
12901.591550924093	-6.636389786020992
13089.249521259411	-6.802581070199069
13279.637039626952	-7.039291659505795
13472.793808217073	-7.264581846552048
13668.760106701786	-7.46797752417353
13867.576800634426	-7.611864768836615
14069.285349971487	-7.689663898496227
14273.927817718419	-7.693457415420623
14481.54687870117	-7.674054071566025
14692.18582846533	-7.621551122068772
14905.888592304698	-7.56121244243225
15122.699734421185	-7.520892023771941
15342.664467217943	-7.488737742685261
15565.828660727671	-7.452052082728705
15792.238852178061	-7.389035670709723
16021.942255696367	-7.336689745349561
16254.986772155136	-7.390068680070721
16491.42099916115	-7.425432083263784
16731.294241189662	-7.432635846315894
16974.65651986603	-7.42132285029807
17221.558584396902	-7.584518369365902
17472.051922153143	-7.736475788417879
17726.188769406665	-7.827322717610894
17984.022122223458	-7.903781378169175
18245.605747515034	-8.144330362089105
18510.99419425065	-8.359650995192382
18780.242804832582	-8.45611575263683
19053.40772663689	-8.524389550265857
19330.545923722028	-8.855898926051374
19611.71518870775	-9.248830852890617
19896.974154826825	-10.05862118369311
20186.382308152035	-10.547241745842781